37 495 84 116 332 348 268 245 0
40 528 90 131 357 360 246 228 0
72 609 120 93 309 324 169 185 1
85 498 92 117 324 337 253 232 0
81 417 91 121 296 292 263 254 0
66 284 110 84 300 274 266 312 0
44 472 106 111 345 335 226 231 0
67 540 132 153 389 361 334 342 0
89 501 108 85 312 376 256 245 0
66 404 91 160 307 307 317 286 0
46 525 125 103 313 358 248 262 0
103 390 98 155 314 316 312 284 0
61 416 142 92 351 329 269 320 0
85 369 135 179 337 373 387 343 1
61 352 123 126 321 342 271 285 0
62 458 95 119 334 335 232 221 1
66 302 107 142 300 300 338 326 1
53 344 122 99 277 281 261 279 0
64 466 131 109 313 323 256 285 0
99 714 161 107 353 405 263 292 0
108 567 117 142 329 382 327 290 0
88 388 139 115 334 335 303 350 0
70 446 119 120 305 337 256 251 1
62 376 110 145 337 342 299 267 0
115 421 78 105 350 310 265 260 1
67 399 102 148 271 304 340 307 1
56 462 85 149 316 332 294 278 1
202 1224 269 222 774 722 508 579 1
41 450 106 126 352 347 258 245 0
52 476 129 120 331 377 265 280 0
95 385 99 138 303 325 290 269 0
80 362 85 110 334 286 289 278 0
70 471 97 130 309 346 268 247 0
65 324 70 109 259 280 270 235 0
40 435 106 93 303 289 236 266 0
58 516 101 149 351 356 261 222 0
64 463 106 165 297 345 316 284 0
42 429 102 87 317 353 241 244 0
45 512 93 104 359 330 220 241 0
104 302 122 185 327 350 400 334 0
58 538 136 108 335 328 262 309 0
90 359 144 109 331 319 306 348 0
73 385 109 149 310 356 366 304 0
43 430 128 100 309 310 255 273 0
148 1498 197 277 822 714 422 422 0
60 351 99 133 314 299 286 285 0
61 435 106 123 315 315 262 253 0
127 367 146 94 333 334 273 332 0
82 440 131 107 313 346 272 304 0
86 403 142 116 331 286 306 360 0
72 579 78 110 308 279 204 185 0
106 474 109 147 304 370 251 186 1
59 538 144 132 385 416 344 338 0
81 390 101 126 337 326 316 303 0
78 520 119 69 307 336 260 291 0
121 510 69 124 384 354 296 288 0
64 578 99 135 372 378 270 250 0
48 600 103 105 335 369 186 168 0
90 413 155 119 408 345 313 377 0
138 1489 219 247 880 797 423 427 0
67 751 109 101 419 339 173 211 0
59 506 92 128 359 318 195 179 0
164 297 90 23 285 296 299 338 0
50 430 96 88 287 284 237 256 0
60 369 112 92 266 310 258 282 0
69 411 135 118 327 374 313 318 0
53 496 86 107 280 308 242 220 0
69 385 114 149 311 354 327 297 0
51 658 104 72 291 277 160 189 0
43 361 91 139 302 280 310 289 0
73 349 106 141 267 349 347 282 0
58 440 120 104 342 275 245 297 0
66 420 120 90 322 318 226 253 0
97 633 76 131 331 331 260 241 0
65 528 93 133 369 361 248 219 0
77 418 121 86 302 301 270 329 0
78 608 86 123 345 330 254 241 0
59 347 100 166 331 330 390 351 0
72 437 142 113 316 340 316 329 0
73 376 121 88 299 321 275 295 0
69 234 84 137 227 268 332 281 0
47 533 76 109 339 384 215 178 0
58 362 123 105 304 257 273 333 0
98 1066 177 194 726 634 369 399 0
56 451 75 120 302 304 260 224 0
74 569 136 152 416 407 353 350 0
35 476 92 106 316 344 276 293 0
49 362 117 112 325 339 357 379 0
68 440 98 123 316 279 255 236 0
52 466 106 111 331 363 276 267 0
60 406 139 122 338 349 311 340 0
50 585 73 111 314 306 234 231 0
41 500 98 113 273 309 239 209 0
50 396 138 117 303 319 298 326 0
60 639 93 107 288 299 213 205 0
58 488 82 110 335 311 238 234 0
116 529 118 71 353 332 235 286 0
82 499 84 133 340 341 282 255 0
62 447 111 98 304 385 276 277 0
79 395 135 113 317 391 298 312 0
67 415 137 75 311 351 275 307 0
50 539 100 110 369 286 216 244 0
56 469 107 88 284 339 207 199 0
69 427 101 120 361 310 303 315 0
57 505 97 137 356 337 319 327 0
60 561 87 108 335 348 211 204 0
83 504 67 112 283 310 232 201 0
97 338 76 119 241 245 246 228 0
105 386 152 114 297 389 336 345 0
64 598 85 133 355 334 252 231 0
44 473 114 99 368 391 333 348 0
72 516 144 75 368 341 264 320 0
72 395 101 116 309 294 245 250 1
57 470 125 94 347 297 263 319 0
60 405 131 114 339 362 299 330 0
77 372 114 127 283 312 254 221 0
47 377 94 84 217 242 211 200 0
41 417 114 116 276 281 281 298 1
77 375 132 125 332 321 257 295 0
122 381 146 115 337 391 362 378 0
51 440 89 126 306 331 302 259 0
73 377 90 113 270 281 265 236 0
106 308 125 102 279 264 270 306 0
43 713 74 118 366 417 222 182 1
46 350 179 128 366 337 302 357 1
86 417 127 103 296 346 295 302 0
86 1185 220 176 679 705 404 433 0
93 353 111 151 343 277 307 303 0
55 545 86 89 324 322 175 186 0
56 457 93 115 296 342 279 243 0
52 492 108 89 315 311 219 250 0
56 495 110 95 329 326 259 277 0
70 337 148 116 284 316 286 324 0
57 413 99 99 312 361 297 287 0
98 744 225 185 606 641 495 521 0
72 319 113 161 310 312 315 279 0
126 462 157 146 378 385 402 423 0
54 501 101 106 383 305 230 245 0
159 422 90 134 316 323 306 290 0
35 449 114 84 329 307 230 267 0
62 480 86 121 336 339 222 209 0
64 474 121 91 279 337 215 234 0
81 445 110 95 294 311 265 287 0
59 504 112 118 307 332 225 224 0
77 621 122 128 414 396 319 341 0
91 439 122 100 304 308 258 282 0
43 538 89 80 300 328 190 192 0
37 534 96 102 364 370 230 239 0
46 574 112 92 366 298 222 262 0
157 393 118 114 341 336 271 335 0
71 316 140 169 288 267 341 322 0
46 447 123 118 337 324 247 262 0
115 1022 265 279 792 783 618 626 0
58 364 147 122 339 355 264 289 1
53 560 76 129 379 350 267 251 1
79 339 90 126 293 294 297 274 1
103 3723 94 65 240 0 275 0 0
58 480 85 124 337 345 255 220 0
62 505 102 97 288 309 200 197 0
45 334 108 83 310 315 269 296 0
54 350 85 114 265 319 322 283 0
62 496 78 132 302 369 296 237 0
72 365 136 106 309 340 293 317 0
93 407 95 119 301 358 312 287 0
67 428 123 92 312 315 237 282 0
44 455 68 107 266 262 214 196 0
91 884 183 177 527 603 400 359 0
57 386 151 117 355 353 360 404 0
67 421 145 92 393 312 275 360 0
56 408 132 99 337 346 288 306 0
130 301 168 105 311 318 398 453 0
60 453 133 118 323 366 274 268 0
59 541 99 149 390 388 303 291 0
56 438 144 118 308 321 266 287 0
61 519 123 119 314 366 266 262 0
45 319 99 145 259 305 386 356 0
73 414 101 122 312 311 274 263 0
83 445 133 98 325 331 277 314 0
76 371 100 132 334 310 294 287 0
55 335 117 119 299 348 319 333 0
67 498 128 126 383 363 242 272 0
78 406 139 167 341 377 405 381 0
66 428 116 103 331 369 255 270 0
92 490 120 101 317 350 278 324 0
136 510 106 139 369 314 264 271 0
59 463 118 102 316 346 279 289 0
64 467 100 139 370 366 274 250 0
60 497 111 102 320 336 230 248 0
50 422 95 132 349 343 323 292 0
67 451 100 146 349 310 310 297 0
78 278 72 31 278 221 278 354 0
107 550 122 89 330 363 231 254 0
244 469 24 99 349 305 255 235 0
53 379 97 132 302 358 295 240 0
62 402 125 113 297 337 340 354 0
76 287 132 115 255 347 364 362 1
75 475 108 133 289 292 308 280 0
130 442 120 86 301 246 204 253 0
67 507 88 128 315 309 264 226 0
73 379 114 107 306 324 314 330 0
68 343 122 158 351 316 358 349 0
41 478 86 91 286 309 205 209 0
58 466 96 82 330 373 245 254 0
151 329 62 129 337 336 379 365 0
137 1342 258 180 747 796 403 457 0
44 553 88 102 310 344 220 209 0
58 460 106 114 328 379 237 232 0
55 432 95 137 311 318 290 266 0
47 466 84 111 321 307 246 233 0
62 440 124 124 353 320 288 319 0
139 382 43 97 335 321 345 333 0
73 472 125 92 282 362 290 310 1
59 310 102 152 282 276 303 276 0
63 346 106 139 309 309 319 290 0
37 489 115 135 350 307 260 279 0
48 281 111 169 214 314 382 385 0
71 486 149 103 370 357 277 322 0
59 473 115 120 345 347 279 257 0
62 505 125 92 331 413 320 312 0
38 395 103 90 268 264 218 236 0
41 395 93 133 344 291 273 259 0
113 524 97 81 329 308 218 255 0
54 408 119 98 265 302 255 259 0
52 449 126 104 367 308 244 297 0
56 341 135 96 287 297 328 364 0
68 352 98 130 331 295 291 271 0
79 370 144 114 343 284 255 315 0
76 425 147 106 336 313 308 354 0
69 535 102 134 396 372 291 284 0
53 450 113 156 365 309 264 270 0
85 350 92 154 355 361 365 338 0
45 431 100 91 348 314 239 256 0
69 354 93 141 314 301 280 263 0
51 443 111 87 315 296 277 301 0
71 342 105 150 289 311 344 292 1
54 402 111 129 319 306 291 292 1
34 442 92 91 298 335 239 229 0
48 381 77 122 242 264 255 231 0
41 381 114 93 294 294 254 265 0
63 456 114 68 268 282 230 269 1
65 466 138 119 327 330 268 293 0
49 485 77 120 335 354 273 245 0
61 517 164 114 377 413 262 288 1
58 403 128 101 331 343 297 311 0
64 456 138 112 360 376 261 298 0
41 429 94 111 306 331 258 254 0
51 484 103 129 348 385 286 254 0
71 353 132 119 297 323 310 333 0
63 346 101 128 316 328 365 359 0
45 407 82 147 331 353 337 304 0
60 308 98 123 275 300 325 303 0
60 445 96 138 371 361 315 279 0
77 393 90 123 331 314 272 281 0
50 385 93 106 303 326 294 267 0
75 399 97 131 301 322 250 223 0
102 490 93 152 336 371 321 270 0
54 404 90 111 348 337 259 245 0
72 395 95 115 309 297 288 285 0
78 400 107 132 328 294 316 317 0
75 356 121 109 273 333 299 304 0
141 348 99 31 280 231 306 379 0
71 481 84 128 306 335 269 240 0
94 527 83 108 317 326 205 196 0
55 515 110 87 293 315 215 225 0
48 389 102 108 278 318 258 259 0
106 1000 169 155 563 579 297 323 0
36 421 96 123 294 279 234 227 0
69 439 119 101 303 317 253 269 0
42 409 87 86 307 279 214 226 0
41 558 82 101 381 289 213 239 0
59 347 112 149 308 326 310 270 0
66 439 102 118 271 280 245 239 0
64 489 134 106 355 366 272 302 0
79 592 88 103 356 343 208 211 0
58 493 91 136 353 284 263 260 0
126 395 119 140 306 338 294 254 0
73 505 117 96 335 372 270 278 0
81 261 89 175 260 278 344 294 0
68 529 138 99 384 346 236 274 0
71 330 168 154 303 352 389 393 0
58 504 96 112 272 347 256 236 0
49 591 99 131 394 321 221 224 0
57 471 109 82 287 327 233 236 0
54 462 70 134 313 334 275 239 0
47 458 108 131 338 361 275 262 0
49 413 93 130 264 292 282 237 0
60 562 85 125 326 335 248 239 0
43 422 95 133 286 290 283 263 0
63 400 118 85 348 314 269 307 0
50 422 106 106 331 269 222 254 0
90 372 107 153 343 261 304 308 0
121 365 153 108 342 322 269 326 0
134 1497 183 307 721 722 490 446 0
41 451 120 115 379 348 272 304 0
161 1026 217 172 604 694 411 423 0
59 398 94 94 281 335 277 264 0
55 494 100 68 299 381 210 208 0
91 391 124 202 338 325 388 337 1
83 476 63 26 310 349 237 271 0
44 496 117 107 345 346 244 273 0
45 479 94 123 298 365 250 216 0
37 579 72 105 329 306 214 214 0
57 443 119 89 311 378 251 256 0
25 386 64 95 259 265 219 206 0
71 444 104 88 293 300 242 250 0
45 510 120 108 308 333 235 266 0
63 391 110 101 268 307 236 252 0
61 519 134 118 341 358 249 285 0
67 358 125 116 288 340 287 300 0
84 449 117 148 341 335 339 311 0
39 538 109 100 336 347 207 212 0
50 482 114 92 317 358 269 290 0
49 548 121 97 341 326 241 257 0
101 439 119 157 346 385 340 296 0
60 397 84 128 281 295 290 257 0
69 400 117 110 303 304 285 293 0
81 397 90 162 323 336 339 278 0
50 459 101 105 358 338 231 239 0
103 447 76 120 321 352 301 252 0
47 479 84 141 331 330 271 242 0
58 421 92 116 284 252 253 260 0
39 429 79 111 307 283 231 217 0
98 946 171 221 660 654 486 450 0
53 629 94 106 332 305 177 185 0
46 577 109 78 272 299 163 184 0
82 478 130 99 290 367 274 286 0
59 415 110 98 314 378 280 284 0
48 457 87 118 339 332 230 204 0
38 451 97 114 309 357 266 256 0
46 565 114 118 291 358 253 235 0
72 443 100 98 351 362 280 289 0
73 395 140 121 317 376 296 322 0
97 320 143 142 326 352 333 352 0
80 400 146 108 284 330 248 274 0
67 463 152 108 348 333 272 331 0
50 358 110 107 332 310 287 302 0
49 461 127 88 376 373 331 361 0
58 568 76 121 301 358 257 221 1
97 797 102 151 355 339 229 224 0
54 435 120 97 312 335 256 272 0
150 506 114 80 302 320 237 243 0
100 366 77 119 219 249 269 251 0
41 473 91 116 301 351 256 227 0
59 368 125 114 317 323 263 312 0
69 496 134 103 311 347 271 275 0
65 377 103 100 297 279 263 265 0
65 300 112 166 292 306 364 309 0
80 354 132 155 353 352 400 370 0
32 667 92 117 343 373 212 194 1
39 480 110 68 259 321 203 230 0
45 471 106 144 383 365 321 307 0
52 371 110 157 358 336 320 276 1
52 337 94 152 276 328 311 265 0
59 452 80 134 324 362 291 245 1
63 346 138 114 282 344 298 319 1
51 358 54 102 289 281 269 260 1
36 369 105 89 276 333 302 305 1
78 372 110 100 257 317 301 301 0
47 371 126 112 299 353 275 287 0
95 946 216 238 749 709 570 551 0
156 839 216 264 793 736 754 742 0
59 377 147 111 342 284 266 318 0
70 415 109 149 347 345 324 306 0
58 566 124 88 368 372 229 260 0
63 554 133 124 368 347 275 319 0
60 457 130 104 351 370 267 326 0
37 510 106 102 348 295 230 253 0
53 440 81 131 342 391 334 280 0
41 568 98 99 338 401 231 222 0
87 334 124 98 322 243 233 295 0
49 518 81 126 342 298 259 241 0
106 326 75 32 272 297 298 304 0
39 381 100 67 242 287 254 254 0
72 551 124 118 399 384 257 291 0
72 353 99 123 346 301 276 278 0
135 1390 215 273 840 734 445 468 0
63 527 111 111 313 305 237 237 0
56 444 78 122 283 331 313 254 0
42 446 86 106 269 304 249 226 0
72 399 104 97 292 370 299 292 0
59 609 118 101 327 351 228 237 0
126 1301 217 176 761 783 377 424 0
77 313 102 90 270 301 305 302 0
64 512 115 108 348 338 280 300 0
65 410 143 109 315 370 271 289 0
62 425 118 106 301 336 249 259 1
122 372 149 65 395 316 265 332 0
71 415 107 144 297 313 347 301 0
55 480 102 89 328 382 241 237 0
68 479 110 143 352 367 291 278 0
93 316 107 145 323 262 301 289 0
50 375 119 110 292 332 288 282 0
78 390 86 124 263 312 308 263 0
69 329 103 137 321 378 331 292 0
102 321 138 86 291 265 265 324 0
61 354 105 93 209 283 226 219 0
58 629 88 142 383 362 251 247 0
64 476 90 79 277 277 151 167 0
64 367 99 71 271 304 260 269 0
77 810 197 233 595 630 511 481 1
121 1323 182 288 735 741 525 472 0
85 381 94 134 319 342 323 294 0
139 369 69 27 271 262 304 319 0
58 361 110 109 275 311 291 300 0
59 443 109 92 326 334 272 303 0
73 472 126 96 308 342 284 305 0
46 454 88 110 307 299 227 205 0
63 384 83 125 269 309 293 256 0
92 523 70 116 343 342 294 285 0
76 417 121 100 310 312 237 275 0
141 250 119 60 325 264 312 377 0
51 453 113 75 384 398 268 288 0
47 422 118 100 324 319 279 295 0
130 360 59 108 369 326 374 374 0
60 382 96 101 318 321 246 243 0
148 368 17 84 265 282 318 300 0
60 361 132 103 303 294 304 347 0
68 556 122 99 326 342 233 260 0
123 357 109 53 370 385 343 360 0
145 1497 267 193 779 799 383 437 0
61 398 135 102 256 313 260 267 0
40 478 115 92 316 380 307 302 0
60 413 112 136 323 304 297 293 0
46 516 77 124 316 316 280 250 0
42 463 91 105 341 285 214 241 0
73 380 158 116 284 326 303 320 0
59 412 77 136 293 288 248 215 0
50 462 137 135 334 382 297 291 0
52 465 110 118 296 399 304 262 0
79 387 123 135 298 309 320 309 0
81 459 111 138 327 367 286 247 0
72 411 83 142 311 376 302 263 0
61 552 143 98 343 297 245 301 0
68 352 133 106 300 322 270 305 0
31 477 97 53 315 312 208 243 0
84 523 81 101 334 314 240 237 0
44 540 59 113 338 316 208 197 0
80 479 114 102 300 341 244 265 0
56 500 109 151 359 376 338 307 0
59 382 136 84 317 346 282 314 0
63 485 150 112 320 366 272 306 0
100 542 148 151 333 391 364 339 0
79 367 136 99 340 350 288 336 0
71 344 101 136 292 248 319 304 0
102 378 87 18 347 315 298 359 0
56 644 80 118 366 369 269 244 0
61 489 100 138 391 416 297 268 0
75 375 98 129 312 392 313 278 0
49 361 103 83 246 358 314 322 0
56 351 79 127 296 348 322 277 0
30 421 79 84 317 306 251 272 0
41 405 92 146 270 305 291 242 0
53 421 101 96 312 336 243 253 0
49 601 80 112 336 391 266 230 0
71 573 120 91 286 324 215 224 0
53 357 94 143 325 349 368 317 0
62 465 119 91 360 332 237 272 0
83 400 137 124 384 334 312 361 0
82 420 114 143 294 314 269 268 0
49 470 72 107 291 368 233 192 0
54 408 131 91 376 304 236 304 0
66 474 74 132 296 292 255 226 0
55 476 87 109 320 332 240 217 0
94 1086 155 217 713 606 368 371 0
48 468 127 82 299 296 198 242 0
60 456 91 110 343 276 257 277 0
74 567 138 137 355 331 287 307 0
41 468 81 119 332 323 270 247 0
53 467 103 83 297 274 210 241 0
64 506 92 133 341 348 269 231 0
97 1020 151 237 561 572 459 375 0
31 486 91 84 290 297 176 188 0
38 384 122 95 321 318 239 265 0
65 390 143 106 318 330 279 316 0
39 494 88 108 344 328 199 215 0
49 564 106 89 282 336 177 189 0
161 354 99 30 296 275 370 395 0
50 445 97 115 344 330 285 294 0
54 455 109 126 345 297 258 260 0
67 454 104 138 317 333 295 272 0
62 326 145 103 277 293 265 289 0
48 494 120 108 404 371 260 283 0
65 533 140 137 368 338 310 332 0
61 442 104 127 340 281 261 288 0
69 422 107 83 282 400 257 250 0
52 493 112 107 351 360 277 278 0
45 351 104 121 342 382 282 277 0
76 410 90 122 314 337 293 262 0
88 763 124 179 541 475 387 368 0
82 869 177 132 496 563 301 305 0
38 410 91 104 289 282 234 226 0
47 515 85 134 355 372 258 240 0
75 296 148 123 287 328 310 337 0
59 331 150 125 333 314 308 352 1
66 249 126 112 255 294 319 328 1
91 1159 155 236 709 670 412 390 0
103 1252 262 208 739 807 427 426 0
72 407 86 117 312 312 278 264 0
53 501 107 91 327 355 229 241 0
36 428 144 105 378 359 283 332 0
49 748 126 104 458 431 244 278 0
50 338 78 116 266 322 321 269 0
46 545 115 100 347 359 242 252 0
57 319 92 125 306 294 330 313 0
94 354 14 87 305 256 347 335 0
74 469 94 114 322 349 302 282 0
73 424 128 110 302 340 265 296 0
61 393 145 114 353 288 310 366 0
45 391 105 139 358 328 271 288 0
84 363 76 161 328 359 327 262 0
62 431 94 106 317 300 231 251 0
52 445 113 97 303 320 274 277 0
62 523 103 111 367 328 257 279 0
38 521 90 104 335 348 228 217 0
50 501 99 89 331 319 204 222 0
58 435 82 138 275 350 306 237 0
94 640 95 120 362 364 239 221 0
50 391 92 147 326 376 340 284 0
53 492 111 99 334 368 274 275 0
56 549 77 100 358 249 189 222 0
51 518 86 120 312 366 247 214 0
65 416 140 96 282 353 271 258 0
48 478 70 114 287 317 232 194 0
56 490 99 152 332 391 303 242 0
57 510 129 155 379 345 306 302 0
47 442 84 113 320 333 260 249 0
43 537 91 82 287 296 192 200 0
98 769 172 119 477 507 291 327 0
50 575 114 109 359 328 221 224 0
119 1106 347 230 834 762 505 597 0
89 381 92 120 350 319 309 312 0
97 336 164 109 301 316 307 365 0
47 458 77 108 293 279 258 248 0
24 488 96 83 271 297 226 243 0
72 581 128 87 343 333 219 267 0
85 286 95 116 290 267 324 319 0
66 336 131 112 354 295 293 327 0
71 876 140 87 398 435 208 242 0
81 368 136 105 272 290 257 283 0
51 413 115 97 293 337 275 300 0
53 518 79 130 343 284 234 240 0
50 535 94 131 309 328 293 266 0
54 415 121 120 307 362 286 273 0
48 527 83 117 357 339 252 249 0
44 415 86 117 299 322 235 218 0
42 354 117 109 303 346 301 309 0
87 448 96 158 319 351 344 285 0
48 554 100 85 345 360 203 219 0
66 562 126 110 364 372 304 316 0
40 545 103 134 311 317 273 249 0
49 398 91 117 281 297 269 226 0
53 515 98 100 337 334 241 236 0
37 484 95 89 317 311 222 237 0
39 532 81 92 300 313 196 183 0
53 459 120 112 301 359 265 269 0
70 424 102 168 288 272 287 270 0
57 535 114 93 294 363 262 277 0
85 751 197 137 438 574 331 319 0
100 549 100 92 337 402 244 241 0
41 388 94 91 277 280 171 177 0
56 444 108 94 365 314 198 236 0
57 399 131 117 299 291 270 306 0
265 471 94 117 366 323 321 337 0
57 486 70 120 319 287 249 236 0
280 1457 147 208 723 741 497 447 0
65 335 105 97 261 262 213 243 0
106 1330 300 192 854 727 417 574 0
170 1292 267 233 717 735 526 560 0
71 381 144 94 333 342 327 373 0
175 491 97 111 311 356 289 270 0
49 474 118 100 250 305 239 247 0
58 414 99 141 297 320 290 262 0
60 511 121 119 359 382 276 272 0
59 473 106 121 344 301 250 250 0
35 447 99 85 296 297 216 221 0
58 474 120 110 320 350 234 225 0
52 487 110 130 332 387 306 261 0
39 367 79 95 288 296 294 278 0
72 435 128 152 356 312 288 297 0
138 316 92 66 247 267 280 290 0
41 484 105 120 364 353 337 331 1
59 520 96 140 317 332 294 248 1
50 451 104 96 309 319 216 215 0
67 356 148 130 319 301 264 296 1
42 577 77 110 324 336 253 233 0
53 460 88 118 345 311 260 269 0
87 373 100 113 302 309 340 323 0
61 525 112 123 384 341 235 249 0
49 593 81 137 337 325 230 208 0
55 401 103 133 316 304 316 286 0
66 578 137 96 386 362 242 268 0
42 490 109 99 308 308 220 239 0
60 441 96 113 335 323 297 295 0
71 461 114 154 356 333 289 274 0
58 313 93 143 284 323 294 252 0
48 650 120 98 353 339 198 224 1
63 320 103 136 321 310 323 294 0
75 500 106 137 374 333 266 261 0
43 384 92 137 344 305 302 274 0
60 574 125 101 340 359 231 250 0
41 450 74 136 301 281 268 231 1
71 520 91 135 314 307 281 253 0
55 452 104 86 294 294 181 198 0
62 329 133 101 274 261 249 287 0
67 442 144 114 311 321 317 349 0
133 1261 155 268 716 690 514 475 0
64 440 103 88 274 286 200 219 0
46 455 102 137 325 345 272 256 1
223 414 105 54 357 342 417 406 0
58 353 98 108 281 314 273 255 0
54 453 130 114 319 362 291 307 0
50 417 105 119 305 364 291 263 0
51 473 94 137 313 323 260 240 0
75 465 151 106 303 357 271 285 0
61 512 136 112 350 368 255 280 0
70 465 103 120 390 298 228 264 0
56 487 90 137 311 314 289 263 0
76 580 130 94 342 366 242 260 0
53 447 80 114 338 333 269 247 0
47 505 96 116 349 359 262 238 0
98 1254 231 210 891 836 459 521 0
33 534 88 107 300 275 193 198 0
124 1625 244 154 804 818 338 393 0
60 445 68 102 252 270 220 195 0
47 622 125 93 355 350 211 243 0
45 441 109 140 299 294 231 223 0
69 405 125 121 337 365 276 286 0
62 432 98 136 293 301 237 209 0
138 1286 166 269 682 769 424 346 0
53 577 102 92 332 313 217 218 0
45 483 72 85 293 275 157 180 0
95 355 95 147 275 282 334 298 1
56 443 95 136 349 316 310 290 0
112 1505 222 272 726 791 447 425 0
47 320 140 125 274 345 368 361 0
53 315 110 102 309 308 278 293 0
60 587 130 112 378 432 277 264 0
57 485 93 127 346 396 273 253 0
49 446 98 135 319 312 278 267 0
53 399 124 101 275 365 294 270 0
53 475 80 106 342 309 259 257 0
50 474 81 128 337 323 263 248 0
54 321 94 80 277 268 306 340 0
60 489 136 86 337 399 254 269 0
71 428 131 122 309 311 313 345 0
44 396 101 100 256 312 231 224 0
97 831 152 212 534 547 356 316 0
66 466 133 104 286 355 262 266 0
60 491 108 86 312 337 243 244 0
64 535 85 154 384 370 317 287 0
48 508 117 122 332 369 268 276 0
51 419 116 106 283 347 257 257 0
120 1200 221 225 716 741 412 405 0
64 517 79 141 308 329 347 303 0
39 420 87 84 249 288 191 192 0
91 454 110 160 315 413 318 274 0
65 405 124 80 356 319 254 311 0
52 393 119 85 313 318 250 285 0
40 505 102 132 319 406 299 262 0
51 431 126 138 349 342 286 290 0
78 356 90 147 272 350 299 223 0
86 492 93 106 303 305 293 294 0
72 457 101 128 366 291 282 298 0
55 479 91 104 287 354 267 233 0
41 570 79 122 297 334 242 219 0
91 460 95 109 344 286 253 276 0
76 416 117 158 330 367 378 328 0
65 431 125 109 298 335 285 299 0
74 356 123 106 280 311 298 300 0
64 376 123 87 292 338 242 270 0
66 515 110 97 311 328 222 232 0
115 1314 245 234 760 826 491 515 0
83 478 132 101 311 349 295 316 0
89 325 158 166 331 312 408 407 0
67 454 85 129 293 357 256 195 0
69 381 90 122 270 270 249 213 0
62 469 75 112 301 348 254 215 0
58 355 113 98 291 322 232 247 0
63 517 156 112 362 368 289 329 0
78 400 105 131 350 299 274 267 0
73 388 129 123 300 342 311 329 0
47 493 91 135 339 316 275 276 0
38 437 107 126 371 314 306 307 0
64 380 117 98 337 344 310 330 0
85 366 150 139 328 403 402 395 0
68 454 116 104 318 356 285 294 0
72 328 100 125 306 312 335 303 0
37 412 108 128 280 290 247 226 0
68 494 131 76 335 302 213 262 0
150 1145 218 304 861 780 529 513 0
59 522 73 119 327 289 254 238 1
57 587 127 88 396 374 250 281 0
81 336 88 114 258 311 244 211 0
72 627 131 110 369 393 231 267 0
73 573 149 139 396 402 272 290 0
53 302 82 105 256 288 234 210 0
84 493 95 163 356 327 342 323 0
60 547 89 128 366 367 330 317 0
128 1462 274 187 798 670 442 539 0
180 582 69 142 318 369 306 254 0
37 453 124 106 378 354 292 330 0
62 431 94 144 384 385 400 368 0
50 456 119 89 317 288 218 255 0
47 458 86 88 285 347 204 196 0
52 495 97 143 337 276 272 272 0
41 479 110 85 292 317 253 279 0
110 429 92 143 292 286 197 211 0
52 454 102 115 268 329 284 277 0
58 551 88 138 349 307 248 233 0
76 453 105 128 298 341 295 276 0
39 530 96 109 339 338 236 238 0
47 433 82 105 291 331 247 224 0
101 401 121 113 299 376 332 345 0
90 381 93 135 320 296 300 266 0
79 342 148 119 327 314 320 357 0
53 551 93 125 341 372 263 242 0
77 406 93 43 330 273 250 320 0
37 479 89 111 316 354 253 251 0
79 320 147 95 318 295 301 349 0
49 490 129 107 343 372 281 294 0
40 473 109 107 310 291 231 254 0
52 486 103 111 332 337 248 245 0
59 519 96 107 360 305 241 251 0
62 495 86 120 361 321 218 218 0
66 382 141 100 330 325 272 309 0
81 447 99 148 321 353 331 299 0
45 570 114 105 326 306 222 250 0
115 424 78 138 251 357 303 238 0
35 570 84 94 318 305 173 157 0
135 685 189 129 420 403 309 370 0
75 434 108 148 333 341 317 296 0
54 468 103 102 330 318 261 278 0
71 444 125 105 328 372 250 265 0
63 353 98 122 353 312 304 299 0
73 373 136 93 316 377 338 368 0
35 529 90 116 356 373 300 275 0
38 477 103 90 302 327 258 253 0
77 520 167 140 377 474 339 336 0
67 458 129 84 318 323 239 286 0
51 469 103 88 342 356 210 229 0
46 427 75 131 311 335 301 255 0
257 900 201 330 691 667 744 710 0
145 342 104 13 349 336 287 396 0
48 398 84 141 313 364 341 283 0
60 446 117 108 299 314 287 294 1
46 522 112 89 344 341 196 220 0
56 427 109 88 269 289 208 228 0
276 279 74 118 10 451 495 222 0
72 353 135 116 291 349 308 301 0
90 370 162 118 303 310 314 339 0
56 396 82 132 317 287 270 252 0
84 404 103 98 401 330 264 296 0
58 442 103 110 333 350 256 262 0
60 411 84 119 337 311 282 277 0
71 528 120 141 415 396 302 284 0
71 446 114 100 311 347 242 250 0
51 439 134 102 325 305 260 298 1
65 461 155 109 407 361 306 368 0
105 394 122 105 338 343 299 324 0
151 386 64 127 283 276 249 231 0
64 356 88 145 304 313 325 286 0
60 386 123 101 312 351 269 279 0
51 365 128 90 287 358 310 325 0
62 328 136 128 311 348 315 332 1
45 465 97 116 345 345 267 258 1
65 493 109 89 347 371 279 312 1
45 492 95 123 347 339 245 239 0
55 354 116 95 271 340 243 254 0
162 382 83 76 272 343 275 288 0
34 454 79 112 292 279 232 214 0
100 360 87 143 303 332 299 257 0
90 388 25 64 274 310 312 273 0
209 375 111 82 296 280 207 232 0
72 555 100 146 345 334 308 300 1
110 553 95 122 376 331 286 297 1
62 451 107 92 329 342 259 272 1
41 571 129 94 347 373 212 228 1
54 399 165 110 340 350 313 357 1
73 564 113 167 397 428 379 311 1
39 461 105 113 337 335 246 245 1
85 447 136 91 369 321 263 318 1
68 560 105 80 276 371 229 236 0
58 427 121 111 329 399 325 318 0
52 536 109 132 368 355 273 263 0
47 491 123 84 338 303 257 304 0
81 318 71 46 251 229 230 253 0
93 434 145 113 293 309 288 320 0
277 447 115 106 368 337 254 306 0
65 433 116 94 310 276 231 267 1
41 388 90 100 306 299 266 259 1
62 444 109 117 314 327 254 254 1
49 521 115 96 331 301 226 242 0
39 510 57 119 318 348 248 197 0
52 466 99 120 324 286 186 195 0
78 435 104 162 382 346 285 273 0
57 470 146 105 362 303 265 332 0
47 488 115 114 389 333 263 281 0
61 511 109 127 384 334 263 263 0
55 454 127 90 353 329 242 264 0
56 483 98 133 331 334 249 241 0
56 414 98 130 326 373 311 287 0
117 996 184 190 578 665 445 425 0
56 429 93 101 267 308 215 205 0
85 471 126 121 302 342 302 303 0
92 1454 238 205 815 831 423 442 0
77 468 106 169 294 336 363 322 0
98 323 84 159 318 338 391 341 0
141 387 95 149 256 342 288 246 0
57 438 84 129 315 308 338 326 0
70 845 148 171 521 513 301 311 0
61 434 98 141 341 387 358 315 0
114 369 61 82 341 273 320 330 0
71 918 124 176 615 568 344 315 0
45 372 109 95 272 285 235 237 0
71 389 139 104 332 259 258 336 0
59 413 108 145 298 322 332 295 0
88 346 98 148 252 314 353 305 0
145 1465 182 253 849 743 430 433 0
50 341 84 107 215 323 268 232 0
85 327 125 100 266 336 318 324 0
57 399 132 97 293 336 294 306 0
62 439 89 157 334 380 367 296 0
58 439 95 114 310 344 282 262 0
52 446 76 122 313 311 290 271 0
98 394 71 54 294 322 306 317 0
61 489 83 117 290 334 228 213 0
80 486 111 121 336 347 293 291 0
91 397 87 165 290 352 346 302 0
119 303 137 114 306 294 269 306 0
56 390 91 76 242 310 253 256 0
60 375 113 95 292 330 277 273 0
139 1155 202 321 786 767 603 527 0
50 447 89 127 378 332 281 268 0
63 306 121 103 250 276 266 289 0
85 1178 148 173 593 534 298 321 0
64 449 127 75 340 388 332 360 0
51 432 88 119 337 335 269 250 0
55 497 126 109 419 389 278 323 0
57 412 107 80 335 344 256 290 0
79 433 115 159 324 369 382 349 0
61 468 79 109 302 339 254 217 0
74 440 108 139 336 385 358 320 0
56 556 112 137 400 386 282 291 0
101 390 88 141 281 320 282 245 0
60 482 69 137 306 333 285 253 0
80 374 141 108 295 328 330 339 0
60 345 69 104 239 297 253 223 0
95 442 67 115 261 285 267 250 0
37 360 108 75 253 316 221 242 0
86 327 76 142 298 340 355 290 0
95 338 136 113 286 320 340 367 0
76 274 113 111 234 304 302 291 0
73 313 106 135 311 293 338 335 0
71 712 158 204 510 578 437 404 0
95 364 98 167 315 307 396 346 0
68 330 105 98 266 270 310 320 0
50 487 111 78 317 369 240 252 0
49 461 119 108 282 336 231 229 0
87 329 151 101 272 330 315 329 0
67 393 120 103 279 370 286 307 0
50 297 93 113 256 310 265 248 0
57 427 75 111 290 313 272 237 0
46 368 130 111 304 310 288 324 0
61 355 96 150 288 355 351 282 0
45 305 115 90 318 309 262 292 0
121 409 97 148 283 328 367 312 0
43 442 102 101 353 291 250 274 0
71 481 150 109 324 359 298 316 0
68 543 134 103 357 416 268 281 0
108 558 75 122 302 368 269 228 0
70 470 112 110 332 338 224 248 0
78 429 66 106 303 333 264 236 0
69 292 113 100 234 301 248 263 0
74 399 154 116 299 370 339 357 0
58 416 79 128 355 287 267 258 0
73 434 114 132 313 368 344 310 0
53 364 110 71 284 270 212 248 0
97 325 140 111 313 339 331 374 0
71 422 123 100 308 303 214 261 0
60 418 144 126 324 356 290 312 0
86 381 87 150 314 276 272 249 0
39 413 112 91 350 319 236 260 0
59 423 119 91 313 335 249 267 0
49 405 108 155 309 381 319 280 0
50 477 121 106 412 367 289 348 0
29 544 76 105 331 331 225 215 0
62 326 160 135 290 336 324 339 0
46 483 95 119 349 378 249 219 0
47 536 122 89 321 285 197 232 0
52 480 96 118 406 366 280 276 0
59 445 77 143 341 349 335 281 0
74 340 162 124 342 287 280 363 0
63 437 116 91 305 324 246 266 0
41 582 75 134 327 405 297 227 0
75 410 98 139 352 335 333 304 0
74 418 135 90 301 277 226 261 0
85 703 163 128 453 494 285 316 0
43 393 95 107 297 310 242 241 0
106 414 174 107 321 381 359 380 0
45 639 89 85 283 307 176 178 0
97 969 298 262 753 794 638 689 0
114 1180 239 260 818 805 541 543 1
57 558 157 128 382 395 293 324 1
52 441 111 91 284 276 230 251 1
49 469 74 111 289 332 255 213 1
66 386 97 129 310 339 296 258 1
73 355 120 93 285 326 294 310 1
41 403 116 101 311 309 271 284 1
57 384 114 95 288 322 256 266 1
54 385 79 114 315 310 294 251 0
64 300 134 123 298 278 304 328 1
127 853 146 187 616 559 427 410 0
43 471 67 105 323 325 241 207 0
48 434 90 128 318 322 339 301 0
54 457 127 90 315 369 272 288 0
50 442 127 104 322 341 281 313 0
62 462 109 94 315 331 236 247 0
42 515 111 111 332 329 226 248 0
54 465 144 138 349 306 314 354 0
72 455 143 106 314 295 236 283 0
95 696 80 125 465 387 233 275 0
84 570 116 116 329 357 258 244 0
50 410 116 91 338 281 227 279 0
100 326 120 93 283 313 282 298 0
70 377 84 115 256 262 267 243 0
54 376 63 45 247 304 295 290 0
89 611 103 159 377 382 333 302 0
53 463 108 117 357 298 247 261 0
51 415 117 130 363 278 304 337 0
56 390 121 99 333 311 267 304 0
79 351 102 129 279 255 301 296 0
69 397 131 102 284 340 285 296 0
74 416 88 134 306 339 293 254 0
59 405 93 134 368 345 338 323 0
64 496 112 109 335 393 245 241 0
107 468 143 89 352 334 249 298 0
63 366 85 128 309 309 313 282 0
57 551 91 129 302 349 254 214 0
64 443 92 107 281 270 246 233 0
153 451 140 76 318 294 220 286 0
75 486 117 145 328 315 290 309 0
92 522 136 116 370 376 348 358 0
53 508 141 106 331 356 279 291 0
48 488 86 136 354 316 239 214 0
68 404 138 109 336 312 250 287 0
56 441 100 91 281 292 205 208 0
114 345 53 78 329 284 330 348 0
43 374 107 111 290 301 271 263 0
53 383 75 124 320 309 331 309 0
49 446 130 84 316 308 257 297 0
53 379 111 96 267 347 280 249 0
34 400 98 116 314 316 266 258 0
79 423 87 109 316 335 288 267 0
38 415 76 131 287 320 285 240 0
142 1372 210 294 758 714 515 495 0
47 542 134 117 322 359 258 261 0
71 335 135 117 254 343 338 351 0
61 432 107 126 327 361 307 309 0
89 1184 207 174 684 706 393 411 0
46 464 124 86 321 328 238 274 0
77 422 123 135 351 359 329 313 0
69 384 135 90 301 289 246 278 0
66 409 127 92 308 329 222 249 0
55 507 87 119 346 367 236 208 0
28 388 68 86 242 309 201 178 0
53 489 60 97 236 299 201 155 0
63 660 117 119 400 420 266 273 0
67 436 119 97 301 324 244 268 1
57 432 122 91 288 304 242 262 1
55 434 110 85 337 266 219 276 0
140 1488 269 173 830 762 369 469 0
55 485 101 161 362 341 322 273 0
65 516 141 100 353 305 219 281 0
41 517 85 130 324 358 232 194 0
40 513 100 97 321 392 279 264 0
55 508 110 110 348 361 296 312 0
49 364 117 80 312 287 254 297 0
77 999 178 182 638 563 358 408 0
70 853 135 197 596 549 437 419 0
154 1240 278 203 773 795 497 560 0
77 507 143 127 297 381 321 307 0
116 550 87 17 303 350 258 314 0
105 509 131 121 359 225 130 235 0
61 305 133 85 281 310 271 321 0
66 393 110 86 290 313 240 269 0
110 463 106 141 289 321 300 276 0
87 416 126 98 306 288 268 336 0
55 402 107 127 341 298 248 246 0
50 554 70 115 324 374 231 186 0
53 550 115 91 312 327 209 224 0
66 475 104 91 303 358 296 302 0
57 541 104 83 363 369 178 209 0
106 459 108 119 363 288 230 251 0
49 532 107 84 305 289 184 232 0
63 487 139 136 351 382 256 251 0
53 407 117 142 332 335 302 292 0
51 423 112 89 298 357 223 229 0
97 589 133 73 385 335 232 302 0
50 366 100 80 250 337 219 210 0
128 448 25 95 374 332 366 332 0
