92 399 114 102 329 330 274 307 1
66 333 141 129 328 327 290 330 0
51 412 71 127 287 313 277 254 0
92 475 129 83 296 279 234 282 1
63 397 145 108 311 293 269 318 0
66 394 94 128 329 290 256 258 0
41 332 69 138 266 334 341 294 0
72 441 137 95 285 273 273 305 0
91 446 147 125 261 340 329 326 0
60 434 138 79 334 323 274 330 0
33 436 100 82 294 251 171 214 0
62 562 106 129 379 349 284 264 0
57 367 101 146 337 293 286 294 0
69 539 106 127 346 348 298 291 0
79 315 126 99 288 267 287 331 0
51 456 110 70 334 370 278 303 0
36 530 107 100 319 298 193 209 0
75 565 112 81 368 372 202 231 0
74 459 111 159 396 400 354 315 0
132 1502 170 269 732 770 500 425 0
67 346 103 140 313 241 318 308 0
66 376 125 108 319 325 316 337 0
65 436 110 117 360 317 284 306 0
43 465 101 90 316 300 221 246 0
55 592 104 77 347 346 203 214 0
55 297 92 100 253 255 268 270 0
51 488 119 112 360 316 256 278 0
52 469 97 120 303 293 201 201 0
59 374 105 93 308 330 255 268 0
70 243 146 117 261 273 321 329 0
55 441 98 119 329 292 272 275 0
47 348 134 123 332 337 304 300 0
53 428 109 148 282 325 317 276 0
77 814 144 116 456 430 246 277 0
54 468 80 113 274 281 221 192 0
64 441 101 75 286 333 220 240 0
51 529 104 105 317 348 267 251 0
56 460 96 135 325 326 279 261 0
132 1166 198 299 803 779 595 528 0
98 389 99 116 304 284 295 296 0
55 388 87 117 347 303 239 246 0
78 424 144 126 359 313 279 329 0
60 417 101 103 314 331 243 246 0
49 411 85 132 303 318 272 245 0
163 368 65 101 294 297 277 264 0
42 408 76 102 263 289 254 246 0
48 426 100 91 295 350 232 240 0
39 509 65 111 305 330 233 190 0
53 386 110 116 271 309 324 335 0
138 1084 305 217 754 800 559 623 0
52 454 134 76 349 319 228 292 0
55 371 120 90 353 336 211 246 0
46 460 122 100 381 314 254 295 0
130 351 161 174 305 283 193 284 0
54 440 83 98 289 314 231 219 0
163 449 54 37 329 257 189 227 1
65 442 99 117 299 320 266 248 0
30 744 68 119 369 378 240 218 0
67 575 115 91 319 312 208 251 0
54 362 171 136 330 340 354 388 0
147 1272 288 204 781 819 474 515 0
44 424 120 77 330 333 262 314 0
50 470 104 105 404 324 255 294 0
57 548 90 72 284 314 189 206 0
72 466 123 134 338 318 257 264 0
41 413 87 134 315 326 300 265 0
70 378 121 102 276 338 283 268 0
67 468 134 116 347 408 300 284 0
53 544 98 119 319 345 227 233 0
58 461 127 138 359 349 301 307 0
56 402 98 157 291 299 340 295 0
79 349 118 84 292 311 261 288 0
47 458 111 105 289 342 288 285 0
50 380 69 109 269 323 308 274 0
37 454 67 110 301 391 293 251 0
57 455 113 115 289 348 275 273 0
123 469 114 82 390 320 273 317 0
66 266 102 158 267 254 342 305 0
59 430 86 123 352 303 246 256 0
48 476 119 81 297 320 222 252 0
72 513 122 96 259 275 224 231 0
54 512 98 135 358 394 313 260 0
56 377 125 93 260 275 242 277 0
59 499 118 92 287 331 245 250 0
61 648 130 138 385 377 258 271 0
76 422 140 122 306 336 272 286 0
67 347 132 112 317 349 337 345 0
92 416 125 104 287 348 269 273 0
45 457 141 98 346 379 265 299 0
120 427 136 111 366 347 279 302 1
102 499 112 69 356 305 180 233 0
46 508 110 94 308 335 210 213 0
88 296 166 154 317 328 353 398 0
96 918 255 203 692 639 475 550 0
101 465 89 134 252 306 288 246 0
123 1220 217 168 610 601 312 385 0
86 363 97 149 315 343 331 311 0
45 407 64 121 254 369 274 215 0
83 357 144 106 306 338 319 342 0
36 469 101 87 325 298 233 253 0
107 1434 180 277 795 786 477 444 0
61 552 93 115 425 336 203 221 0
71 481 140 112 305 437 365 357 0
58 572 127 92 349 373 207 217 0
55 369 95 117 255 286 270 249 0
176 1200 283 199 790 746 502 604 0
63 392 85 142 309 385 314 254 0
54 508 92 124 374 377 310 296 0
66 322 136 105 281 322 279 304 0
64 352 99 153 352 368 357 320 0
49 535 108 88 347 360 255 264 1
64 511 111 161 379 388 366 330 1
57 437 91 130 294 323 303 269 0
52 390 94 124 311 318 366 340 0
72 557 95 119 354 358 245 230 0
69 404 92 139 305 298 298 283 0
66 461 97 142 383 385 312 289 1
102 501 162 139 323 406 338 333 0
85 448 90 137 320 357 298 260 1
60 423 55 101 274 303 275 237 0
44 367 94 91 270 309 233 235 0
57 447 69 142 329 351 317 260 0
219 1137 190 304 696 720 656 578 0
70 399 99 129 334 366 306 292 0
75 447 112 102 315 368 270 258 0
52 559 92 119 340 350 248 235 0
85 486 119 124 325 356 237 248 0
45 525 128 90 368 378 238 268 0
58 392 89 126 310 313 245 227 0
64 454 120 109 314 366 239 238 0
87 488 77 129 324 298 284 265 0
74 492 143 92 292 319 239 274 0
49 430 111 95 312 328 253 270 0
54 440 99 89 314 286 191 223 0
73 519 136 137 342 397 284 272 0
63 631 145 152 434 398 311 336 0
61 495 110 140 337 356 307 282 0
99 1546 193 219 825 815 402 401 0
49 382 109 98 279 296 210 227 0
70 485 142 103 357 375 251 291 0
63 348 139 104 270 329 287 296 1
68 583 146 116 376 393 264 286 1
56 493 104 86 303 322 202 216 0
62 318 113 139 337 279 280 287 0
86 449 133 82 287 305 302 351 0
55 479 99 130 325 330 251 235 0
91 362 99 144 273 313 308 280 0
63 507 101 119 326 343 239 227 0
56 450 88 133 315 376 308 246 0
54 351 81 127 309 333 275 252 0
77 496 116 96 319 379 243 246 0
47 345 71 130 282 340 300 234 0
47 358 106 113 327 306 278 294 1
66 423 99 93 257 272 208 206 0
59 344 104 115 298 293 230 221 0
45 554 100 141 388 399 289 267 0
72 449 119 122 348 375 293 310 0
43 434 83 128 314 294 249 237 0
80 398 136 108 314 338 265 286 0
118 1011 173 273 737 701 565 507 0
62 493 99 124 282 297 248 231 0
89 400 116 172 333 365 380 328 0
84 330 88 140 293 287 326 300 0
48 482 98 81 306 329 184 208 0
48 392 92 151 273 337 328 283 0
79 398 148 99 347 299 254 314 0
67 496 97 103 309 337 273 265 0
69 483 121 104 343 372 250 271 0
198 333 72 14 330 329 290 359 0
43 452 126 99 366 291 179 246 0
45 382 98 136 246 335 296 244 0
114 516 112 97 276 284 228 243 0
78 503 116 150 363 336 303 286 0
80 391 175 131 310 333 364 412 0
86 515 129 83 344 316 227 272 0
60 482 95 91 295 375 256 227 0
69 435 157 88 306 309 260 314 0
72 582 92 155 364 373 300 267 0
49 430 122 89 302 343 248 273 0
42 461 109 89 265 322 177 185 0
55 525 89 107 370 353 284 269 0
79 645 103 126 445 331 218 236 0
103 1507 216 194 782 847 357 380 0
58 423 103 90 281 290 230 261 0
59 461 104 139 323 317 329 308 0
71 497 87 143 316 302 255 233 0
54 366 96 149 329 310 319 302 0
156 490 56 115 390 311 326 332 0
35 573 104 119 380 360 228 231 0
76 496 113 163 410 354 354 328 0
74 376 91 136 293 297 312 291 0
120 1125 215 262 831 818 570 559 0
76 803 153 223 550 574 459 410 1
103 356 114 177 303 336 384 351 1
107 436 130 92 372 328 257 308 0
61 340 107 145 311 323 325 292 0
57 436 96 133 319 354 308 269 0
62 457 98 139 398 362 311 297 0
171 422 25 87 321 393 344 309 0
51 404 93 119 284 309 259 263 0
