233 479 205 220 30 484 248 26 0
219 544 198 238 30 513 211 27 0
212 553 138 206 52 545 162 13 0
226 508 203 221 75 465 214 26 0
210 406 234 202 62 410 261 30 0
195 311 276 198 51 341 302 22 0
223 475 183 234 28 489 209 29 0
287 510 298 280 53 528 334 28 0
225 518 213 219 80 475 222 20 0
226 417 270 251 58 394 287 35 0
225 500 218 233 37 497 241 29 0
234 381 281 233 90 403 328 22 0
251 430 250 227 46 454 300 22 1
295 421 366 297 52 371 375 31 1
245 386 252 240 44 391 298 25 0
225 474 188 213 50 454 228 24 0
238 308 324 235 52 339 367 18 0
238 350 220 214 40 370 257 27 1
249 465 228 261 45 449 237 13 1
276 637 204 276 85 664 228 24 1
230 558 301 248 92 507 298 28 1
267 422 271 257 68 428 316 23 0
231 456 214 238 57 445 241 22 0
252 375 278 258 43 404 308 20 0
193 412 254 173 109 454 292 17 0
233 411 280 244 58 392 294 26 0
243 460 242 268 39 441 259 20 0
495 1113 461 489 155 1175 551 61 0
227 463 236 233 27 465 249 25 0
254 525 235 241 43 450 258 24 0
239 431 242 232 78 389 265 28 0
208 349 246 207 69 426 300 19 0
230 495 242 244 47 409 248 23 0
195 351 233 200 45 320 244 24 0
225 420 187 208 36 428 237 27 0
239 522 206 257 39 511 218 22 0
230 476 269 257 50 434 294 30 0
207 469 232 209 32 415 232 19 0
214 524 197 218 28 488 209 26 0
276 358 376 275 66 343 398 32 0
245 491 230 265 40 524 258 21 0
242 337 300 241 73 421 362 30 0
256 456 310 247 46 382 331 24 0
232 426 223 229 32 435 247 24 0
445 1297 357 483 114 1373 379 52 0
223 376 260 235 42 386 282 23 0
238 432 232 232 33 420 256 27 0
228 378 306 195 114 398 360 27 0
215 457 284 235 62 414 295 33 0
259 388 298 235 66 425 337 22 1
203 501 139 199 60 513 172 28 0
206 509 238 185 99 424 253 33 0
273 558 315 304 42 519 319 26 0
247 424 284 222 72 404 303 24 0
217 504 234 216 64 487 233 25 0
198 514 288 188 109 475 324 50 0
232 542 217 249 51 581 254 20 0
205 603 156 214 34 522 162 18 0
283 411 302 274 67 490 356 37 0
516 1333 329 496 99 1389 399 59 0
221 639 141 210 62 692 180 25 0
214 500 162 198 41 517 180 24 0
151 313 310 157 146 316 352 47 0
217 420 205 221 33 388 220 24 0
219 388 241 224 39 360 255 23 1
264 472 290 267 50 384 304 34 0
206 520 183 211 45 425 174 28 0
256 411 281 253 56 392 322 35 1
188 531 127 182 40 555 158 21 0
237 374 256 242 37 376 267 26 0
228 404 314 242 64 324 313 25 0
234 405 205 237 45 472 263 20 0
221 418 207 214 39 455 234 27 0
185 571 235 204 90 526 271 18 0
236 525 206 224 52 517 227 29 0
204 408 258 216 61 432 294 31 0
210 593 217 209 71 522 221 22 0
297 387 298 293 44 388 333 34 0
272 406 283 263 57 441 325 18 1
215 391 254 221 57 401 281 28 1
195 261 303 206 55 255 322 35 1
207 539 153 188 33 530 208 23 0
234 346 279 209 41 372 312 22 0
398 990 290 389 79 1086 384 47 0
214 441 195 210 38 440 226 28 0
324 526 275 287 65 597 354 29 1
233 507 220 251 22 448 242 15 1
252 399 322 276 37 387 344 23 0
239 419 199 212 52 422 244 28 0
249 492 246 251 31 423 257 23 0
253 458 300 269 39 409 309 28 0
208 530 184 226 33 489 211 23 0
209 490 183 209 35 426 202 28 0
257 449 258 252 31 380 283 37 0
195 573 181 212 46 506 169 22 0
223 489 196 221 37 462 210 18 1
227 512 221 224 100 501 242 13 0
211 488 240 216 70 485 273 33 0
222 480 265 238 51 419 272 13 0
245 467 285 253 64 392 306 28 0
237 454 249 240 53 417 261 27 0
226 462 175 202 42 555 233 19 0
203 487 189 205 37 413 200 15 0
251 403 280 219 55 449 330 19 0
256 472 272 252 44 503 312 24 0
212 562 178 210 42 496 197 17 0
194 501 188 201 75 427 191 15 0
137 357 250 152 87 321 260 26 0
265 449 342 280 78 347 330 33 0
247 527 196 199 46 555 261 21 0
274 480 286 269 27 482 329 23 0
271 467 233 232 44 531 295 27 0
199 383 248 200 69 396 278 9 0
258 431 228 234 44 478 281 18 0
253 443 305 252 48 379 334 26 0
223 400 229 223 54 359 252 20 0
182 350 172 174 32 340 207 15 0
223 412 218 244 38 400 258 31 0
226 389 268 240 59 407 297 28 1
258 431 356 262 101 404 395 25 1
247 448 236 223 40 420 262 28 1
192 388 235 188 59 363 257 23 1
205 300 275 203 89 354 306 28 1
199 715 183 196 27 598 188 29 0
304 388 293 280 29 415 332 24 0
235 459 275 238 78 380 286 21 0
437 1124 320 411 59 1099 396 42 1
236 348 299 232 78 393 320 32 0
185 505 142 194 37 525 175 19 1
231 468 224 223 48 419 244 24 1
219 478 178 216 37 472 214 22 0
225 476 224 221 49 480 253 19 0
244 365 280 238 47 351 330 26 0
238 461 259 226 39 403 279 20 0
446 820 459 440 79 761 475 35 0
241 361 279 241 53 366 307 33 0
304 459 362 320 93 494 414 33 0
247 470 173 229 29 522 224 31 0
196 461 310 205 146 393 301 28 0
235 432 193 226 22 465 226 16 0
215 465 191 199 44 482 239 20 0
220 488 168 218 51 451 198 21 0
226 445 221 234 64 431 247 20 0
224 479 197 235 31 467 223 25 0
296 585 255 286 45 605 314 32 0
225 425 225 203 79 447 272 28 0
183 495 169 204 27 478 185 19 0
210 542 226 230 29 487 227 21 0
239 488 170 237 30 571 212 25 0
200 429 305 199 151 401 357 23 1
261 311 312 262 49 344 348 27 0
220 475 228 239 38 438 242 24 0
537 1046 551 541 79 1074 605 67 0
257 433 252 240 37 414 281 24 0
230 551 199 244 48 530 231 32 0
211 343 264 211 69 365 302 27 0
208 3707 349 0 69 45 0 122 0
221 501 198 231 40 480 214 19 0
187 479 178 216 40 462 179 19 0
234 360 238 218 35 371 279 25 0
233 378 264 229 36 345 284 23 0
217 515 232 229 49 451 253 26 0
236 386 296 239 56 382 329 14 0
209 439 293 229 84 400 288 30 0
224 427 233 214 56 405 274 23 0
187 440 156 197 33 414 163 22 0
359 903 359 365 73 779 359 27 1
289 416 344 280 41 407 373 33 1
258 412 263 244 51 485 320 32 1
276 419 226 257 43 441 288 22 1
234 325 435 224 107 354 475 30 1
239 494 266 231 44 421 279 21 1
272 533 250 279 37 537 290 22 1
260 442 230 256 43 431 261 15 0
238 547 224 258 45 462 229 27 0
233 367 344 253 34 308 354 21 1
233 422 222 228 52 432 260 21 0
257 446 250 243 63 449 273 25 0
232 403 257 216 68 396 306 26 0
238 382 300 265 39 348 333 20 0
276 517 193 261 49 521 236 26 0
302 409 343 341 46 445 376 32 0
236 457 236 236 45 432 276 20 0
228 484 265 249 70 450 298 28 0
193 500 276 165 132 494 315 34 0
246 471 255 241 38 430 267 24 0
239 454 230 247 49 507 273 31 0
215 460 204 220 51 500 240 14 0
271 453 248 259 40 436 277 22 0
258 454 250 260 43 445 294 26 0
163 235 252 188 65 335 309 43 0
212 567 226 216 86 487 237 15 0
108 398 285 78 232 479 335 65 0
224 425 247 232 30 402 273 23 0
244 417 316 235 53 394 344 27 0
228 355 361 259 61 287 365 22 0
258 436 247 252 57 422 270 18 0
174 408 215 130 124 441 272 18 0
233 517 215 222 55 428 209 25 0
244 379 280 233 59 397 327 28 0
281 364 319 275 47 402 354 23 0
193 485 162 208 22 430 182 23 0
213 523 216 215 44 436 236 21 0
143 345 400 153 141 398 453 55 0
467 1243 334 432 101 1261 426 56 0
202 520 192 207 26 499 207 17 0
215 504 210 246 41 454 226 18 0
227 430 226 238 41 446 277 19 1
213 429 196 210 38 473 231 25 0
263 437 248 250 48 463 296 25 0
182 379 341 145 115 390 383 60 0
231 526 263 263 50 399 251 23 0
235 335 259 233 42 346 286 24 0
251 375 279 251 42 362 293 28 1
262 460 215 239 29 484 263 20 0
252 341 336 284 26 256 392 17 0
267 462 267 241 51 507 307 33 0
232 479 240 234 40 478 261 31 0
244 560 266 252 52 488 283 15 0
194 372 191 193 27 403 214 18 0
239 400 224 221 26 429 266 24 0
208 475 192 190 107 497 240 16 0
227 426 229 227 38 358 233 22 0
228 430 232 239 37 490 271 20 0
256 364 282 236 35 364 337 30 0
234 376 241 234 54 397 272 28 0
262 365 233 237 60 430 291 26 0
281 435 283 251 50 417 320 28 0
255 531 245 248 50 549 282 23 0
250 447 228 258 42 476 256 23 0
244 360 363 270 58 397 383 25 0
239 405 199 191 33 470 268 19 0
233 378 245 220 56 378 277 28 0
242 417 241 229 39 434 260 19 0
234 381 289 222 60 354 332 32 0
239 394 266 220 43 416 306 20 0
199 463 195 204 16 438 219 26 0
196 366 210 210 32 344 238 24 0
228 352 222 212 31 407 270 14 0
189 427 210 185 51 435 224 29 0
246 448 245 243 48 469 275 32 0
233 505 208 233 37 468 227 27 0
277 554 240 266 42 511 272 34 0
242 446 261 227 41 443 279 33 0
245 456 253 248 48 501 293 21 0
213 427 221 210 31 425 266 31 0
232 526 238 236 41 495 247 25 0
236 352 313 254 50 372 340 21 0
248 355 322 255 43 400 356 27 0
232 475 278 250 32 402 314 23 0
225 329 279 238 49 335 316 21 0
257 480 265 257 44 462 268 32 0
220 408 239 214 56 438 289 17 0
236 412 223 218 41 406 259 29 0
208 432 223 213 54 391 245 32 0
225 538 275 228 90 459 290 30 0
230 434 223 214 43 427 246 31 0
234 382 247 215 58 407 291 22 0
229 367 303 253 65 409 323 23 0
241 376 283 243 49 334 316 28 0
170 280 311 171 124 355 346 58 0
207 472 230 217 59 450 253 26 0
186 500 188 189 83 484 204 22 0
222 499 185 234 38 440 181 16 0
220 410 223 227 30 371 262 17 0
327 905 267 341 79 942 296 35 1
230 409 170 199 29 420 230 23 1
224 455 230 233 52 428 233 15 0
211 388 176 188 31 429 216 11 0
222 502 154 201 27 561 216 21 0
246 362 278 237 40 372 319 27 0
200 399 219 219 52 419 231 21 0
244 505 258 245 49 471 291 25 0
194 564 188 208 60 537 208 21 0
244 426 205 238 51 507 243 24 0
177 413 315 167 113 410 343 34 0
244 504 229 225 57 487 275 25 0
218 310 307 246 57 283 326 35 1
257 518 189 234 57 549 244 26 0
289 376 369 291 51 336 414 34 0
215 520 199 228 46 444 207 22 0
258 529 149 235 35 604 201 19 0
199 490 190 222 39 432 207 23 0
212 444 221 222 42 457 258 25 0
238 495 243 237 37 451 253 26 0
216 418 233 213 33 359 257 31 0
220 515 216 231 41 504 231 22 0
233 391 217 236 28 436 252 22 0
239 396 249 220 38 437 299 26 0
227 394 209 206 26 429 254 15 0
254 363 278 241 59 399 316 28 0
238 388 280 222 107 409 333 29 0
476 1307 373 471 103 1288 431 51 0
257 463 238 256 35 496 271 14 0
409 1022 359 424 134 954 384 22 0
185 436 237 222 53 399 241 29 0
195 553 180 216 29 453 167 22 0
287 414 333 276 73 395 373 45 0
156 490 223 177 74 429 230 36 0
222 491 206 248 33 517 232 23 0
214 513 217 215 40 411 240 20 0
205 515 156 192 27 527 199 35 0
226 498 226 217 39 445 230 23 0
198 377 147 172 21 383 198 23 0
207 431 198 205 61 423 240 27 0
248 491 195 251 26 468 222 24 0
210 399 204 222 40 413 224 16 0
252 533 235 239 45 469 268 24 0
228 368 272 250 43 374 320 26 0
260 463 282 267 68 459 299 26 0
207 540 185 224 34 484 188 26 0
245 482 236 236 35 444 275 19 0
247 512 204 227 38 496 227 29 0
249 473 314 262 77 460 326 22 0
232 420 235 221 41 368 248 27 0
232 395 246 231 52 407 300 18 0
257 406 264 257 68 419 311 24 0
228 449 179 224 32 510 234 25 1
197 500 268 223 93 416 247 28 1
217 484 224 229 40 464 248 19 0
215 390 213 212 46 391 248 21 1
227 407 173 199 32 417 219 22 0
441 913 355 447 73 984 422 51 0
214 572 140 217 38 526 157 17 0
184 535 137 190 29 469 163 21 0
231 502 251 264 56 434 253 15 0
219 437 278 228 44 421 294 17 0
209 485 191 208 32 457 210 23 0
221 484 232 222 25 426 259 19 0
230 554 205 246 28 481 212 24 0
238 472 257 213 49 428 312 26 0
266 432 271 274 44 410 320 23 0
255 384 341 259 78 347 372 29 0
237 439 243 242 56 378 252 23 0
265 423 261 252 53 484 309 27 0
222 371 258 233 37 417 299 19 0
274 471 286 264 38 491 321 21 0
204 567 198 233 45 476 219 18 0
243 681 169 262 77 655 178 29 0
244 459 220 243 33 418 243 21 0
166 493 236 137 137 480 281 22 0
161 341 252 184 75 329 270 38 0
228 518 205 222 29 427 200 27 0
236 400 275 249 36 371 291 23 0
255 477 224 253 47 457 264 29 0
218 348 234 200 43 399 283 24 0
267 350 318 265 50 298 336 30 0
296 384 353 303 50 402 378 30 0
218 638 157 223 27 576 179 12 0
180 521 180 212 30 401 172 14 0
274 492 267 284 27 474 308 16 0
270 390 271 253 41 419 312 24 0
228 382 267 236 43 337 302 20 0
224 506 250 234 48 408 243 34 0
253 375 287 250 45 345 320 29 0
190 348 231 186 47 361 279 22 0
221 409 263 242 24 361 271 24 0
215 405 277 239 68 342 272 18 0
252 433 256 238 35 354 272 30 0
480 927 498 473 78 990 591 37 0
572 854 666 553 121 958 735 41 0
273 362 222 252 35 445 297 18 0
259 434 276 266 57 446 305 22 0
233 560 200 236 41 548 220 27 0
268 518 243 261 43 539 283 28 0
263 464 250 268 44 459 293 24 0
233 424 177 217 27 536 247 20 0
237 503 287 256 46 410 284 29 0
208 554 204 216 31 520 245 20 0
203 305 244 200 70 409 289 16 0
237 477 188 225 35 485 242 25 0
153 343 294 162 79 322 304 53 0
190 390 230 200 29 344 229 12 0
251 552 242 243 57 540 279 32 0
238 344 249 223 46 411 313 24 0
481 1233 380 484 95 1304 481 42 0
233 483 196 239 42 472 216 23 0
211 451 240 222 50 417 259 31 0
199 442 208 207 31 398 216 27 0
202 447 277 236 58 390 290 25 0
231 577 198 239 37 525 198 25 0
433 1231 343 444 84 1189 401 40 1
196 365 309 220 49 295 300 26 1
246 480 248 261 48 487 273 22 1
243 448 267 230 53 396 312 23 1
220 428 232 250 46 417 244 19 0
121 331 378 93 120 481 447 45 0
260 421 279 244 50 408 306 27 0
229 499 190 236 35 469 237 19 0
234 479 277 265 57 462 287 27 0
235 317 283 221 70 369 317 24 0
243 413 254 238 42 372 264 22 0
204 427 263 219 67 352 267 25 0
240 402 287 255 57 376 312 31 0
232 319 262 185 85 356 329 24 0
176 392 210 202 43 303 206 18 0
229 565 205 239 44 590 257 31 0
166 429 144 182 42 450 152 16 0
206 389 236 200 42 336 271 25 0
475 828 400 452 45 815 471 48 0
486 1243 400 498 94 1162 446 58 0
237 399 285 242 67 399 315 28 0
133 345 301 115 120 353 340 53 0
232 388 262 245 39 352 270 27 0
248 456 209 232 43 462 254 34 0
245 479 274 244 52 407 282 23 0
200 453 181 198 37 457 184 26 0
224 386 236 224 44 366 272 30 0
227 496 244 237 75 493 280 13 0
228 414 225 223 55 427 262 14 0
179 266 351 175 123 306 387 61 0
249 473 242 223 31 489 298 25 0
244 410 245 247 33 442 259 24 0
233 345 345 208 106 416 392 55 0
212 414 216 222 47 407 225 24 0
144 371 301 98 113 340 331 84 0
255 372 275 243 48 372 315 24 0
247 555 201 241 56 474 213 19 0
217 414 323 229 97 423 347 50 0
463 1366 333 476 108 1331 373 50 0
244 423 230 237 40 356 241 21 0
241 483 246 259 33 475 268 25 0
245 405 257 245 46 422 289 29 0
224 443 210 228 35 516 254 15 0
219 438 182 192 26 477 220 28 0
263 356 273 249 45 413 331 30 0
212 393 198 217 44 420 225 19 0
267 514 255 279 42 450 260 21 0
237 503 265 242 40 426 263 30 0
261 408 276 237 58 375 312 33 0
218 506 254 244 74 445 250 25 0
217 470 265 260 57 390 267 34 0
261 477 198 247 38 546 246 27 0
217 357 261 228 58 394 318 23 0
186 383 182 191 17 503 246 28 0
202 511 200 212 68 479 218 24 0
189 524 159 197 31 497 193 25 0
209 461 227 232 71 454 246 25 0
281 522 259 293 46 492 275 28 0
239 410 281 258 43 389 277 23 0
276 512 234 250 42 460 261 39 0
311 517 274 268 80 533 355 30 0
236 382 294 258 64 405 330 26 0
240 321 285 215 51 360 324 19 0
187 398 289 192 84 400 306 48 0
238 599 194 223 41 579 244 28 0
261 552 233 252 42 513 279 28 0
207 454 308 253 65 356 304 25 0
204 440 301 236 36 306 296 17 0
224 371 274 234 45 372 312 24 0
211 444 196 210 19 433 230 17 0
234 437 219 252 32 384 211 23 0
212 454 228 219 41 403 234 24 0
238 621 205 224 36 493 220 28 0
218 537 182 222 65 475 187 18 0
261 388 295 275 41 392 330 24 0
224 470 223 226 47 471 251 26 0
266 400 299 255 62 453 370 30 0
229 432 232 233 60 419 269 30 0
194 527 216 207 33 388 202 15 0
254 401 210 221 37 476 280 25 0
209 435 185 222 54 468 223 19 0
211 450 196 197 38 477 247 20 0
387 936 279 387 76 1137 379 29 0
224 460 173 213 30 441 200 19 0
240 398 210 212 47 476 267 20 0
264 519 263 263 56 527 276 28 0
213 472 208 238 34 471 222 23 0
188 454 203 199 44 419 200 21 0
228 517 219 239 46 482 227 26 0
393 978 329 384 64 914 363 47 0
175 468 162 170 20 437 187 24 0
222 435 247 224 29 359 246 20 0
239 403 271 248 55 418 288 25 0
193 491 177 208 28 499 200 19 0
199 548 153 198 34 476 163 21 0
145 347 377 120 141 366 422 62 0
240 464 249 254 33 432 262 26 0
232 429 226 233 29 480 250 25 0
248 461 228 236 44 459 285 19 0
234 326 253 214 43 357 307 26 0
241 495 225 232 32 557 274 32 0
291 483 262 305 41 519 292 30 0
228 414 245 232 41 447 274 23 0
197 511 229 218 53 408 231 23 0
247 495 223 242 45 504 248 26 0
223 404 279 234 40 391 310 23 0
235 451 238 208 64 405 281 22 0
361 684 291 331 62 788 382 26 0
341 847 240 323 54 794 293 33 0
216 391 173 207 25 424 219 19 0
220 548 213 233 38 490 239 25 0
251 343 304 255 54 329 335 33 0
274 345 292 250 43 396 347 25 0
230 323 300 247 49 275 293 32 0
405 1087 299 399 78 1114 382 58 0
480 1268 340 447 72 1163 408 46 0
212 406 230 214 57 443 264 22 0
219 490 183 212 41 505 233 21 0
271 429 270 249 24 476 319 27 0
277 700 185 253 36 716 252 19 0
217 363 267 211 33 344 298 27 0
228 529 199 220 34 528 244 24 0
236 340 295 226 47 354 325 13 0
198 328 266 171 81 380 319 49 0
215 503 267 231 65 433 268 24 0
235 426 267 245 55 397 292 21 0
288 380 264 258 49 443 324 24 0
245 415 236 253 32 445 274 25 0
227 414 274 237 66 405 309 28 0
206 436 226 227 43 399 227 28 0
223 469 250 222 45 408 240 24 0
246 494 207 245 48 528 233 29 0
205 539 183 221 23 485 201 24 0
198 506 175 201 39 471 198 27 0
227 473 241 238 44 387 249 22 0
228 553 183 209 88 598 255 21 0
262 451 292 274 39 378 293 17 0
247 521 218 246 40 469 237 28 0
203 439 142 180 31 568 210 27 0
216 520 188 223 38 485 221 23 0
237 447 239 226 46 403 261 22 0
191 499 168 202 39 442 175 24 0
240 504 248 259 44 466 281 23 0
283 502 254 262 43 517 293 29 0
210 478 228 217 35 412 237 31 0
193 473 144 192 35 496 174 21 0
293 772 254 321 71 727 287 35 0
236 552 170 204 31 538 220 29 0
584 1055 450 524 88 1184 561 54 0
208 410 307 221 77 404 326 19 0
253 344 316 260 68 368 357 29 0
237 408 172 209 26 468 227 21 0
222 444 165 204 18 449 199 27 0
239 492 172 217 55 583 239 33 0
212 299 289 228 74 332 323 25 0
262 345 261 249 53 412 309 23 0
247 849 164 239 58 706 169 25 0
211 380 277 232 57 343 264 28 0
223 432 250 244 26 399 283 24 0
212 448 193 211 40 515 230 32 0
242 500 235 245 39 468 248 29 0
244 442 248 258 42 404 269 31 0
237 526 189 233 29 500 241 17 0
193 461 210 210 32 409 196 25 0
238 424 260 248 29 359 295 28 0
250 439 289 234 82 423 342 29 0
201 537 172 203 36 532 220 13 0
268 558 254 249 46 513 302 30 0
236 495 203 235 29 507 248 19 1
232 427 199 212 37 388 213 20 0
234 478 205 211 32 506 228 20 0
200 471 174 217 28 482 202 18 0
193 486 144 183 28 484 196 22 0
227 504 229 263 43 423 224 25 1
229 402 247 249 53 393 265 43 0
223 548 230 252 43 443 236 20 0
314 821 307 318 72 668 298 34 0
201 596 219 203 82 503 243 18 0
180 395 135 176 34 401 171 27 0
202 425 191 199 44 498 234 22 0
236 369 250 236 48 409 296 26 0
208 466 330 194 233 477 364 22 0
224 473 199 221 49 431 202 25 0
392 1326 407 379 235 1261 446 54 0
185 314 210 184 57 354 261 16 1
532 1174 356 475 88 1330 499 46 1
518 1168 428 490 130 1175 524 67 1
258 400 324 242 60 400 369 12 1
203 469 278 203 164 458 293 32 1
221 451 191 227 39 434 202 17 1
233 454 230 245 37 423 239 20 1
245 531 236 236 41 510 271 30 1
230 430 219 227 44 491 244 19 1
194 444 191 189 27 406 226 19 1
232 500 216 216 50 438 220 19 1
244 546 250 227 35 454 275 34 1
222 364 235 212 25 394 273 11 1
257 443 253 240 55 462 297 33 1
165 297 290 149 127 334 321 13 1
291 489 242 274 33 493 293 20 1
251 515 226 229 46 461 260 18 1
214 462 184 212 38 430 205 15 1
257 391 243 237 49 371 292 41 1
211 538 198 228 34 508 213 22 1
235 448 222 209 45 457 261 27 1
256 395 278 237 71 378 311 21 1
259 503 185 226 35 538 255 29 1
220 557 180 226 42 519 194 22 1
259 406 259 249 35 410 275 21 1
244 527 214 224 50 581 272 23 1
227 448 171 216 21 499 209 24 1
252 453 241 241 39 435 272 27 1
247 446 266 241 55 475 300 22 1
228 381 249 230 44 340 268 20 1
218 583 164 222 37 583 206 17 1
235 339 296 232 50 369 328 21 1
245 481 213 231 56 525 274 27 1
246 377 238 237 30 444 291 18 1
232 548 187 233 49 547 219 25 1
235 416 200 226 26 430 221 28 1
236 506 210 256 50 453 237 24 0
198 446 161 191 41 432 176 19 0
220 356 233 218 46 337 261 25 1
275 438 302 263 47 409 308 23 0
446 1173 377 472 110 1170 403 61 1
180 442 186 200 53 409 187 17 0
234 478 231 222 34 450 250 39 0
159 386 438 173 205 430 456 71 0
209 383 240 205 48 368 262 25 0
258 455 254 257 37 458 287 24 0
229 440 246 237 35 422 289 16 0
223 488 208 243 38 450 222 19 0
248 489 272 261 55 396 266 26 0
241 522 240 259 46 488 256 22 0
239 454 182 220 55 526 235 27 0
245 437 225 227 37 479 271 26 1
226 576 209 228 50 531 242 28 0
220 468 220 229 35 436 246 27 0
233 497 221 235 33 498 239 16 0
495 1266 385 465 66 1291 484 48 0
209 494 139 209 24 465 169 19 0
443 1513 273 415 86 1405 323 42 0
183 430 172 190 42 392 178 25 0
238 593 181 239 34 547 194 20 0
220 446 196 223 34 421 219 23 0
251 464 234 235 51 437 289 23 0
212 411 211 210 39 421 241 23 0
398 1248 363 432 114 1117 363 45 0
225 499 155 204 29 556 211 25 0
162 440 147 182 32 457 155 15 0
236 362 297 231 80 338 322 15 0
261 408 257 245 41 463 301 19 0
462 1448 346 483 77 1263 361 60 0
267 371 342 277 28 312 354 29 0
225 346 247 233 39 382 280 16 0
262 603 229 247 54 557 266 22 0
235 512 240 244 42 478 255 24 0
224 446 236 238 36 437 262 25 0
232 461 260 246 33 372 259 18 0
218 436 215 215 40 487 247 23 0
224 452 200 231 32 492 255 18 0
205 338 284 222 43 336 291 21 0
232 551 253 230 48 449 245 22 0
258 409 269 254 59 456 296 29 0
197 431 212 205 33 352 219 15 0
351 838 278 336 81 793 327 41 0
240 475 237 226 47 412 263 38 0
213 487 215 229 45 450 221 21 0
244 535 247 269 54 522 293 32 0
232 509 248 253 35 479 254 30 0
226 450 228 219 38 387 269 19 0
445 1161 367 450 96 1103 383 35 0
252 506 257 256 45 449 291 32 0
180 413 158 181 32 385 181 20 0
224 501 306 267 80 421 313 23 0
244 401 219 225 49 481 273 22 0
232 430 231 234 32 389 244 23 0
242 589 254 252 27 441 234 26 0
271 451 254 262 23 439 286 27 0
229 415 242 241 56 347 257 28 0
229 444 238 200 63 474 286 38 0
253 403 236 239 59 477 300 28 0
222 506 223 238 37 404 223 17 0
221 551 158 220 28 516 188 22 0
240 420 221 217 70 460 265 21 0
279 464 320 292 54 412 321 28 0
222 461 271 249 50 391 271 32 0
240 377 265 229 56 373 284 24 0
210 442 241 224 51 364 238 22 0
217 498 188 218 47 477 219 17 0
501 1268 444 503 88 1165 486 45 0
253 478 267 247 75 435 284 26 0
311 318 376 295 76 372 417 31 0
179 501 238 209 50 406 236 17 0
204 386 196 213 49 375 219 22 1
213 497 196 182 47 426 252 23 0
210 411 224 205 47 349 251 19 0
278 529 263 255 43 515 289 24 0
228 398 238 212 72 442 278 36 0
243 397 306 271 57 375 321 25 0
241 466 217 265 34 488 234 27 0
258 450 247 231 36 460 301 23 0
242 391 294 237 47 418 326 25 0
285 440 396 289 61 351 420 26 0
246 430 231 250 47 478 288 25 0
232 345 329 227 55 333 343 17 0
231 410 206 215 29 389 229 19 0
231 440 186 207 52 491 252 22 0
498 1119 442 516 104 1224 547 50 0
221 455 195 216 37 497 236 24 1
244 573 210 226 44 602 240 21 0
151 402 258 181 80 317 242 12 0
239 605 213 249 51 584 237 22 0
278 567 255 285 49 558 274 28 0
181 350 216 172 41 324 225 21 0
266 451 278 266 74 481 328 39 0
258 529 261 265 44 521 296 30 0
512 1229 345 474 101 1365 424 50 0
136 580 332 161 175 482 330 24 0
266 459 265 264 25 494 280 21 0
294 481 331 288 46 442 365 21 0
207 428 190 211 38 464 231 23 0
169 509 194 200 26 409 187 17 0
254 458 216 250 37 453 246 30 0
211 437 226 212 31 456 260 23 0
88 420 295 144 94 386 285 48 0
220 479 259 240 38 388 242 15 0
229 484 202 234 44 525 237 17 0
226 452 269 245 55 427 275 23 0
219 519 189 226 27 500 220 25 0
204 461 200 217 33 405 216 24 0
220 464 321 233 86 380 355 29 0
218 388 265 206 82 407 295 20 0
251 334 325 265 65 396 349 21 0
232 553 223 221 31 495 258 27 0
213 391 217 195 53 414 271 38 0
207 533 229 228 26 410 229 28 0
241 332 283 207 66 401 343 31 0
262 513 249 269 29 460 259 24 0
217 450 194 228 25 450 227 24 0
227 485 223 219 37 467 228 28 0
229 491 193 216 45 509 233 22 0
203 472 191 199 39 513 234 30 0
244 424 266 251 49 410 261 20 0
251 463 271 255 71 432 297 39 0
224 491 186 235 34 530 216 22 0
195 470 266 212 98 368 272 23 0
184 536 125 168 24 526 155 18 0
300 649 289 282 122 634 338 26 0
250 462 283 248 54 413 307 35 0
229 446 228 232 42 451 266 20 0
228 485 242 238 42 434 264 27 0
256 370 272 246 38 397 299 26 0
250 420 313 266 57 390 342 36 0
244 524 249 256 29 497 251 24 0
225 495 215 231 28 415 218 21 0
279 583 329 308 56 500 331 44 0
219 451 237 219 47 443 254 34 0
204 514 186 216 38 461 205 24 0
229 466 253 221 36 387 261 28 0
441 862 721 428 217 962 796 73 0
78 384 357 175 128 373 375 102 0
251 428 271 247 41 408 299 27 0
253 453 232 228 46 414 273 26 1
217 520 179 220 31 493 196 14 0
191 433 189 201 47 383 210 20 0
3 471 496 354 234 50 243 74 0
250 398 285 258 50 358 311 15 0
266 382 299 260 62 371 335 31 0
215 401 235 216 40 406 259 20 0
231 383 256 220 67 499 305 19 0
218 486 235 236 48 426 246 19 0
228 408 247 217 44 429 288 20 0
287 521 252 270 52 563 291 21 0
207 471 212 216 57 448 251 19 0
252 443 244 242 35 417 262 19 1
301 454 270 257 41 526 352 31 0
232 424 283 249 81 428 314 19 0
156 378 247 164 133 364 292 33 0
233 348 276 243 53 398 309 21 0
236 416 265 240 43 373 283 25 0
243 428 283 252 33 360 294 21 0
255 365 301 267 50 365 334 23 0
248 452 220 230 32 473 254 29 0
229 504 256 243 54 478 286 15 0
222 495 210 225 36 488 226 23 0
203 422 242 222 40 337 240 22 0
162 412 285 199 150 358 302 13 0
208 441 175 189 24 433 207 19 0
228 394 247 217 87 378 304 26 0
147 415 260 161 60 361 271 61 0
115 356 278 107 203 401 307 25 0
258 502 248 259 50 530 282 31 0
238 528 269 232 97 502 287 17 0
218 474 236 214 50 438 256 28 0
233 558 185 231 29 547 193 19 0
290 409 279 276 34 453 318 29 0
296 597 294 284 52 553 324 32 0
217 500 217 233 30 443 213 28 0
248 406 238 222 74 512 305 25 0
200 563 224 224 57 440 200 17 0
244 481 291 269 44 430 302 27 0
244 493 214 271 40 552 249 25 0
240 484 218 239 36 466 241 23 0
153 302 208 143 66 324 244 39 0
257 410 265 258 71 419 290 25 0
140 425 330 164 270 476 376 29 0
206 396 219 200 39 436 270 26 0
218 385 223 201 34 408 267 13 0
257 460 194 232 40 446 232 20 0
227 475 184 227 36 507 209 16 0
207 538 189 228 25 458 172 19 0
194 448 147 204 41 500 174 20 0
245 470 256 271 54 465 271 33 0
266 447 237 247 50 487 275 31 0
257 477 215 228 40 521 268 24 0
255 474 210 235 45 546 262 25 0
229 440 204 222 40 496 250 33 0
231 486 198 226 41 471 241 31 0
236 468 270 241 43 427 284 26 0
394 1013 370 423 95 872 396 37 0
200 466 180 201 38 382 190 17 0
258 451 249 254 61 457 297 25 0
487 1331 333 453 65 1377 410 44 0
258 454 300 275 66 422 333 27 0
235 372 356 251 82 356 368 32 0
161 444 295 210 117 334 294 49 0
241 425 297 254 46 394 320 18 0
310 819 249 337 57 792 285 31 0
273 486 292 255 46 433 317 33 0
221 339 275 176 79 415 338 47 0
330 907 283 318 54 888 318 33 0
217 371 195 206 32 368 231 30 0
205 367 275 197 67 440 320 17 0
249 421 281 241 48 382 325 25 0
239 360 318 241 65 325 324 32 0
483 1282 308 444 100 1409 421 53 0
184 396 235 211 37 302 235 20 0
217 369 316 237 74 338 313 17 0
230 411 277 241 40 388 299 28 0
263 474 294 267 43 433 323 27 0
230 474 235 239 43 406 256 21 0
227 461 250 223 41 413 247 19 0
178 417 274 197 80 374 300 36 0
198 490 188 194 46 459 216 24 0
233 498 269 222 78 459 282 24 0
217 431 298 265 78 398 312 31 0
202 317 311 199 112 357 335 15 0
187 423 230 209 41 345 224 15 0
218 427 265 229 42 342 263 29 0
498 1165 465 510 112 1146 529 75 0
239 433 222 234 42 506 263 33 0
201 331 265 231 41 316 268 21 0
351 1009 208 328 63 1053 285 33 0
247 490 290 243 55 459 326 25 0
228 458 248 223 38 409 254 23 0
272 488 262 271 40 537 311 15 0
234 445 217 221 41 440 257 26 0
278 478 313 286 55 426 334 40 0
220 488 201 195 53 417 231 24 0
265 460 301 271 55 455 320 33 0
274 566 225 236 36 550 296 37 0
199 423 254 225 88 369 270 20 0
230 484 237 236 42 430 249 17 0
277 403 294 271 55 358 314 23 0
185 388 207 201 48 328 218 15 0
177 436 231 202 87 394 236 19 0
199 400 198 200 26 347 218 24 0
220 380 323 241 71 331 326 22 0
241 381 341 253 73 320 356 30 0
207 319 295 229 50 274 305 26 0
258 310 310 246 43 357 345 35 0
362 765 384 375 50 694 409 35 0
252 392 358 220 82 366 388 30 0
231 338 266 208 58 330 313 23 0
210 521 212 218 38 468 217 20 0
213 470 197 213 35 442 222 23 0
237 370 315 244 63 332 321 32 0
227 412 279 244 61 373 305 24 0
185 324 261 219 34 318 271 20 0
201 421 211 220 45 426 235 23 0
246 405 267 241 35 370 291 26 0
236 438 306 246 44 339 305 24 0
221 352 251 211 31 363 277 30 0
205 460 356 215 104 361 338 26 0
226 414 212 209 35 480 254 26 0
260 491 266 259 58 462 292 20 0
246 586 239 252 51 509 258 29 0
190 603 234 230 106 435 209 23 0
204 507 232 243 56 432 206 24 0
194 475 239 217 60 392 218 20 0
180 345 264 194 57 285 272 23 0
250 458 339 260 61 372 344 24 0
239 402 224 224 39 445 256 19 0
270 456 291 256 46 426 317 26 0
213 366 173 191 41 387 212 29 0
242 370 315 234 71 395 382 21 0
225 385 205 217 58 445 245 22 0
271 442 278 267 49 401 299 23 1
225 377 235 222 66 394 258 38 1
209 428 218 216 33 445 253 18 1
221 452 219 222 42 421 248 31 1
257 458 265 269 35 400 301 21 1
268 494 250 266 37 534 302 19 1
208 515 173 218 23 520 177 22 1
265 375 323 267 47 344 321 30 1
230 533 216 226 31 461 218 23 1
215 483 171 197 38 502 199 24 1
249 467 230 242 45 531 277 33 1
239 468 262 238 48 440 307 28 1
271 351 303 255 54 378 333 27 1
215 479 239 226 41 384 243 21 1
251 625 211 250 26 499 206 20 1
248 406 293 236 61 446 334 22 0
207 390 232 182 65 410 281 15 0
291 711 259 290 65 682 302 27 0
220 426 199 211 34 393 224 21 0
280 459 354 251 74 405 384 35 0
183 587 142 177 29 497 164 23 0
586 1022 573 581 63 989 640 46 0
518 1200 459 502 87 1148 532 54 1
306 568 250 297 36 524 289 24 1
211 459 202 211 38 391 201 23 1
207 493 207 214 36 400 214 21 1
232 434 251 226 53 391 275 19 1
221 376 289 222 56 359 309 24 1
232 415 242 221 33 404 267 22 0
221 419 225 207 43 391 258 18 0
240 414 210 215 40 394 265 24 0
253 333 312 241 40 301 319 30 0
367 856 372 362 101 840 396 31 0
210 476 175 201 32 446 215 27 0
256 443 273 275 33 403 273 24 0
236 457 243 223 39 460 294 20 0
234 462 254 243 43 450 268 26 0
219 469 206 212 45 452 230 23 0
228 495 208 226 32 468 230 27 0
274 428 279 272 35 475 331 30 0
244 441 206 226 67 454 241 25 0
236 602 180 216 71 759 266 26 0
238 566 221 233 66 488 244 18 0
236 384 200 231 37 438 241 25 0
221 371 274 213 76 336 300 24 0
215 352 208 197 56 373 255 18 0
193 387 239 210 38 335 239 33 0
277 585 271 284 64 561 292 22 0
241 442 212 219 35 474 251 30 0
264 389 261 260 40 460 302 19 0
249 386 247 241 40 408 287 23 0
210 348 281 202 75 360 292 24 0
246 429 241 233 46 408 268 33 0
222 462 265 225 52 377 271 30 0
267 416 294 255 40 449 331 13 0
236 561 208 235 42 463 230 20 0
215 443 243 191 104 508 308 28 0
232 368 274 230 48 367 308 28 0
205 550 214 206 53 473 214 32 0
206 422 200 206 44 411 219 28 0
178 400 259 134 146 479 322 20 0
257 468 266 277 50 450 274 23 0
279 523 314 275 75 499 327 26 0
249 517 252 246 37 471 270 23 0
246 491 171 228 35 478 208 24 0
248 423 239 228 48 423 270 25 0
187 466 181 196 43 394 188 19 0
207 342 303 192 92 368 338 39 0
223 374 238 213 28 392 272 20 0
230 405 273 237 37 390 310 22 0
253 440 216 226 32 429 269 22 0
234 428 232 224 39 355 243 27 0
229 440 215 211 26 417 244 20 0
205 449 267 223 65 398 270 27 0
214 409 216 223 33 417 250 30 0
493 1269 389 481 113 1254 440 61 0
271 529 198 253 33 492 239 25 0
245 359 318 269 62 331 342 18 0
232 448 278 236 54 425 332 25 0
432 1140 333 401 62 1069 379 32 0
226 447 217 228 34 467 245 17 0
256 413 291 246 67 464 339 33 0
222 375 242 224 45 394 273 17 1
213 417 236 208 49 400 249 30 0
219 511 199 201 40 490 244 21 0
160 418 176 174 25 349 175 23 0
163 494 163 179 44 389 138 20 0
254 642 212 270 47 617 246 30 1
196 437 247 226 51 425 257 17 0
244 453 205 228 43 392 218 15 0
209 382 203 221 36 480 235 16 0
484 1354 296 465 94 1392 371 44 0
269 469 253 256 39 483 300 31 0
242 459 192 222 55 542 252 16 1
213 526 192 218 30 467 220 15 0
231 542 226 243 30 463 249 22 0
268 512 224 249 42 497 280 28 1
253 345 209 217 30 421 267 18 1
388 912 291 381 55 979 360 37 1
385 809 341 376 47 858 390 50 1
515 1183 449 486 126 1167 538 36 0
268 518 275 261 55 444 310 29 0
117 522 267 207 108 465 242 67 0
101 394 224 144 78 556 252 66 0
219 340 282 223 49 330 306 18 0
216 415 216 214 52 383 246 25 0
218 459 275 201 94 418 310 31 0
233 362 243 227 74 446 310 30 0
232 394 217 219 37 437 260 28 0
195 577 191 214 26 480 193 28 0
224 520 178 204 37 491 205 22 0
251 520 238 236 42 431 254 23 0
193 586 177 210 42 509 167 20 0
212 406 197 186 102 527 272 22 0
209 496 154 207 41 475 182 18 0
246 506 237 258 42 497 259 20 0
241 447 259 249 34 440 273 37 1
202 452 209 210 32 437 220 20 0
237 475 206 197 89 626 290 26 0
187 425 196 217 34 341 202 10 0
238 385 289 202 105 482 351 48 0
