385 271 321 97 146 84 326 317 1
293 312 320 66 162 117 354 320 1
378 277 313 57 102 108 289 268 0
443 249 290 95 123 92 299 279 1
369 289 296 54 154 109 330 303 0
364 277 289 67 118 102 285 313 0
305 318 337 47 100 86 363 259 0
419 270 275 78 139 89 318 293 1
420 314 324 80 173 99 385 270 1
410 279 320 78 143 104 313 325 1
398 201 252 46 89 94 212 289 1
530 299 353 64 110 112 323 344 1
331 318 307 74 104 98 319 330 1
495 316 354 80 106 109 335 329 1
292 306 265 78 127 96 350 278 1
434 300 357 46 114 75 312 334 1
481 188 322 55 102 142 221 281 1
531 205 376 93 108 100 250 343 1
429 359 401 71 129 110 378 391 1
1338 478 822 130 191 314 546 681 1
316 352 249 75 91 104 344 305 1
343 322 320 65 141 109 371 301 1
411 322 318 77 106 106 315 340 1
434 223 303 51 123 94 250 304 1
543 195 351 47 107 122 240 333 1
263 293 257 76 77 77 298 249 1
432 283 320 48 120 139 304 334 1
426 215 302 56 88 130 232 287 1
338 245 320 64 126 105 288 306 1
217 305 264 81 152 105 373 263 1
399 290 316 54 102 105 312 303 1
315 303 322 52 143 119 340 331 1
395 313 329 73 100 101 351 276 1
742 244 429 86 176 167 290 426 1
428 214 291 64 83 106 244 253 1
418 218 329 65 119 80 261 270 0
468 245 367 53 103 128 301 307 0
423 301 343 56 102 85 322 306 1
1081 584 808 151 252 225 635 764 1
373 323 284 102 93 75 333 298 1
344 253 319 66 101 105 258 336 1
396 304 306 67 157 130 354 338 1
387 236 331 60 123 105 278 295 1
383 246 328 49 139 87 295 288 1
364 280 311 160 72 66 293 283 1
384 239 303 50 97 88 275 244 0
392 214 350 56 119 100 268 283 0
482 193 349 38 100 98 241 281 1
368 324 312 56 140 67 379 258 0
1008 575 771 128 327 243 707 721 1
426 259 311 56 118 122 284 328 0
343 228 326 49 113 119 269 335 0
430 293 315 54 115 92 314 359 0
360 411 285 140 14 97 286 288 0
418 216 324 50 102 85 264 269 1
458 232 267 197 34 13 192 312 1
405 246 329 77 125 97 297 280 1
681 227 405 41 90 112 256 354 0
546 240 316 64 119 90 255 308 0
329 345 334 60 191 120 425 331 0
1167 448 813 129 319 306 594 724 0
402 278 331 53 117 104 294 325 0
431 289 329 54 112 109 288 394 0
495 183 320 41 117 99 234 271 0
434 295 311 78 112 120 300 322 0
390 283 337 51 112 90 310 308 0
349 239 342 77 133 104 330 262 0
432 274 403 63 156 100 357 339 0
505 229 348 54 130 100 265 307 0
433 329 366 64 105 116 340 347 0
365 298 308 53 140 121 355 298 0
317 258 312 72 120 111 322 270 0
404 266 347 58 139 96 332 283 0
346 282 333 65 91 82 316 267 0
416 249 395 63 109 94 284 294 0
404 258 347 57 145 103 322 289 1
458 305 322 137 95 83 315 373 1
243 356 263 82 102 83 360 271 1
407 264 312 67 104 98 264 339 1
436 227 316 48 121 116 269 282 1
485 221 284 58 127 99 269 249 1
454 279 405 70 114 134 320 348 1
349 243 267 56 136 100 306 248 1
457 234 327 63 133 87 291 289 1
597 266 387 73 139 137 297 372 1
392 264 348 72 139 125 321 299 1
316 303 349 74 162 83 387 332 1
391 250 347 88 147 87 341 263 1
421 264 385 51 147 107 308 347 1
392 296 358 121 138 79 337 367 1
492 214 297 102 105 80 227 339 1
471 200 330 46 123 105 264 285 1
274 384 311 84 189 103 437 318 1
829 508 633 99 259 251 572 677 1
438 285 326 96 75 91 324 246 1
1132 348 623 103 248 199 418 565 1
349 329 348 84 126 99 355 305 1
362 230 385 49 103 105 285 230 1
339 316 325 80 162 83 385 305 1
442 257 313 41 81 91 265 312 1
1306 527 797 125 183 280 527 755 0
514 243 341 64 92 117 219 416 0
447 316 442 75 171 83 423 311 0
524 203 365 43 138 123 276 323 0
342 264 291 59 98 102 294 246 0
1106 523 739 159 310 297 640 726 1
353 282 383 74 125 101 326 300 0
455 298 390 72 119 127 320 354 0
295 305 316 62 125 90 345 277 0
323 351 377 69 117 102 385 341 0
472 243 377 51 114 126 284 339 0
450 350 410 63 127 139 400 371 0
396 284 346 62 99 111 324 282 1
346 363 325 65 92 115 377 312 1
519 249 373 52 108 120 280 329 1
366 297 314 73 110 99 330 299 1
437 295 382 71 147 96 342 365 1
476 332 398 102 156 98 422 320 1
408 296 383 80 110 82 335 301 1
394 255 311 67 80 69 284 268 1
337 210 313 43 126 86 274 254 1
413 295 368 55 105 96 323 317 1
1068 686 741 246 190 165 726 678 1
365 305 376 69 113 102 344 321 1
423 258 369 67 130 90 309 301 1
514 244 357 61 116 116 270 317 1
445 235 360 75 156 109 292 308 1
475 237 372 49 142 121 300 344 1
363 265 305 62 90 112 265 298 1
428 250 365 68 118 87 291 297 1
449 282 310 94 105 115 290 307 1
450 250 322 71 128 131 298 275 1
382 256 336 50 124 106 293 301 1
399 214 280 56 105 117 226 299 1
472 293 409 77 138 81 356 334 1
563 326 414 78 152 143 361 433 1
439 282 373 81 122 134 332 325 1
1406 395 863 94 224 297 457 764 1
350 213 286 41 133 103 258 266 1
429 253 380 77 148 133 316 338 1
307 260 339 65 138 109 345 273 1
554 268 379 68 153 126 320 364 1
442 199 347 61 100 93 242 298 1
306 311 289 65 120 76 318 330 1
417 294 309 87 150 94 367 277 1
440 260 346 59 92 112 285 310 1
332 295 325 103 121 96 338 260 1
482 236 338 54 123 106 277 309 1
410 269 400 55 94 110 339 295 1
325 283 336 64 96 73 306 299 1
467 238 380 65 124 93 295 310 1
305 244 352 58 109 99 310 272 0
333 311 308 46 98 95 319 319 1
397 211 272 54 111 74 254 251 1
327 252 289 59 94 88 271 284 1
508 293 394 56 110 133 315 374 1
412 279 373 64 161 109 350 340 1
391 252 310 59 107 92 268 303 1
366 276 332 64 146 95 344 302 1
917 529 741 150 214 228 591 715 1
451 237 302 61 124 115 275 271 1
361 365 383 81 128 124 412 329 1
305 336 287 85 101 97 343 294 1
430 194 313 48 121 121 223 286 1
349 307 337 56 123 113 361 258 1
378 265 305 83 154 105 320 328 1
472 262 351 63 107 79 320 293 1
455 235 374 66 153 93 303 334 1
339 294 324 230 104 23 275 336 1
425 240 302 53 94 105 237 346 0
347 259 345 54 115 104 321 237 1
496 237 292 101 104 92 302 246 1
458 313 350 75 118 129 345 347 1
361 377 326 95 175 108 439 315 1
463 240 322 71 141 118 287 330 1
443 223 367 47 129 96 294 282 1
401 288 311 68 134 98 350 288 1
546 297 387 84 115 113 323 340 1
391 273 343 58 94 108 300 289 0
430 166 305 45 135 96 217 256 0
489 285 358 66 102 90 309 353 0
608 278 350 73 94 113 248 419 0
1384 372 854 81 234 290 442 729 0
379 236 302 56 123 96 270 274 0
416 311 334 58 129 106 367 319 0
459 253 319 82 111 112 280 288 0
336 320 324 63 122 110 337 313 0
483 331 317 178 108 47 338 374 0
534 247 380 45 98 110 253 363 0
454 361 362 72 131 130 380 404 1
345 314 296 86 111 111 331 276 1
1011 590 842 133 217 273 639 795 1
718 412 601 81 214 213 495 514 1
340 374 343 104 144 97 421 301 1
411 287 340 103 134 87 313 355 0
306 317 335 60 114 108 355 309 0
377 277 365 56 123 134 333 307 0
429 311 376 78 114 120 323 373 0
411 231 418 177 127 49 337 322 1
375 248 317 55 131 92 291 273 1
