459 237 354 33 126 117 283 316 1
481 230 358 60 118 132 262 339 1
557 176 323 61 132 124 225 283 1
460 228 340 96 126 102 282 304 1
376 252 295 77 121 123 289 282 1
276 274 279 66 128 73 311 289 1
436 233 330 42 119 134 256 320 1
496 383 373 73 120 113 388 372 1
461 220 386 84 124 91 299 307 1
375 317 315 79 120 110 330 292 1
485 238 356 59 128 130 290 294 1
364 318 332 114 101 98 342 303 1
372 287 328 68 134 117 332 342 1
341 374 366 86 146 120 431 344 1
331 280 317 61 158 88 337 309 1
414 245 348 62 98 97 266 326 1
271 368 298 69 102 93 365 315 1
304 257 263 63 135 113 309 272 1
425 284 334 57 129 88 321 309 1
696 269 401 115 157 106 322 328 1
495 305 403 120 117 134 362 326 1
381 320 320 78 159 92 385 317 1
419 246 343 77 110 113 303 293 1
339 308 334 66 120 104 338 329 1
391 285 316 117 86 76 290 343 1
365 327 321 72 102 117 373 261 1
416 304 336 68 116 117 306 309 1
1144 524 736 180 308 247 648 713 1
428 265 353 45 100 109 294 331 1
423 271 380 57 131 132 313 323 1
369 285 341 97 114 95 317 286 1
355 307 291 92 82 72 316 309 1
448 242 364 72 123 84 299 306 1
304 265 290 81 79 70 270 253 1
393 238 294 56 114 115 271 287 1
475 253 359 54 118 136 287 332 1
417 314 350 72 107 145 337 298 1
396 246 346 55 111 89 281 291 1
487 214 340 47 125 98 252 341 1
275 374 359 93 150 123 421 329 1
504 289 328 61 124 127 313 328 1
333 309 317 91 157 113 371 315 1
341 326 372 68 132 124 390 299 1
400 247 309 40 131 99 311 311 1
1415 522 728 167 192 266 463 747 1
315 288 298 67 123 127 312 297 1
410 275 320 57 108 93 306 301 1
346 295 331 138 138 89 351 318 1
406 274 352 81 144 92 337 309 1
365 319 289 80 156 117 378 326 1
530 214 284 72 93 113 223 286 1
455 282 382 109 45 69 311 294 1
500 326 422 75 160 116 375 382 1
364 308 340 82 102 111 347 326 1
492 235 338 84 143 96 310 282 1
487 271 370 152 114 55 334 363 1
531 258 389 71 118 122 299 358 1
554 176 387 44 107 107 220 319 1
387 334 349 90 176 118 365 401 1
1403 486 830 149 196 227 488 841 1
698 221 349 90 99 131 193 389 1
472 226 319 57 85 104 216 357 1
302 276 292 203 107 15 306 291 1
406 232 288 44 120 82 282 274 1
345 263 302 54 130 76 316 263 1
390 287 375 67 157 95 371 323 1
473 217 308 58 113 102 268 253 1
364 320 359 83 120 95 350 315 1
601 168 279 47 103 136 199 269 1
341 313 292 51 105 91 330 292 1
320 312 361 87 103 91 380 260 1
422 285 271 59 127 93 304 320 1
399 231 314 56 123 111 264 317 1
585 267 344 105 98 100 284 317 1
472 245 371 65 114 128 274 347 1
402 284 308 69 129 102 328 282 1
548 244 354 80 91 128 290 330 1
309 377 339 67 131 127 418 306 0
415 314 338 76 144 91 374 313 1
347 268 324 72 135 95 325 282 1
213 314 260 70 112 92 343 228 1
491 194 392 59 79 121 218 327 1
327 297 257 66 136 106 325 301 1
987 401 665 106 169 231 418 686 1
425 221 311 50 117 113 270 285 1
538 370 403 82 128 138 406 392 1
436 282 360 46 124 80 310 300 1
318 340 335 62 162 121 396 306 1
409 269 299 75 93 93 278 299 0
420 246 359 51 146 113 316 321 0
371 309 346 66 166 110 365 332 0
536 229 316 43 122 109 248 301 1
448 212 315 35 109 113 269 281 1
371 293 329 54 145 116 351 288 1
590 218 321 85 90 92 227 281 1
447 258 314 62 92 100 264 319 1
503 246 340 118 109 97 305 322 1
456 274 354 80 121 117 309 305 1
421 256 375 67 131 85 335 290 1
361 288 392 77 151 107 359 305 1
393 273 349 64 137 88 324 310 1
496 256 297 60 96 109 250 350 1
430 203 348 52 105 91 254 266 1
406 355 311 85 88 85 326 350 1
451 328 354 61 120 122 352 347 1
526 222 367 68 92 83 233 323 1
473 219 312 76 93 85 267 267 1
312 278 257 99 62 87 275 220 1
357 304 389 100 183 94 387 310 1
558 272 337 66 98 119 271 331 1
449 335 381 52 135 85 376 357 0
468 289 339 66 128 138 335 337 0
366 290 297 88 72 91 280 298 1
452 310 299 57 115 93 314 332 0
389 297 361 64 163 70 364 332 1
355 263 310 68 112 75 298 279 1
352 203 238 44 105 65 259 206 1
379 269 292 41 141 129 309 264 1
346 277 316 64 159 105 333 314 1
369 338 391 116 177 82 430 329 1
404 269 340 56 105 109 327 294 1
346 263 288 66 99 96 293 254 1
299 276 258 98 145 82 313 289 1
643 191 449 47 97 128 229 351 1
321 324 325 53 172 120 402 348 1
375 298 345 88 129 77 358 302 1
1078 408 719 84 253 227 487 632 1
334 365 282 96 100 84 344 333 1
507 191 333 39 97 93 218 304 1
438 247 341 64 123 101 292 275 1
466 212 312 64 136 100 255 291 0
455 256 321 71 129 99 308 308 0
308 303 309 65 142 99 371 284 0
374 271 379 62 119 90 330 300 1
687 479 653 111 243 175 591 576 0
309 317 305 74 136 91 350 299 1
430 390 390 120 198 117 472 362 0
463 261 308 51 109 95 268 370 1
394 335 346 167 67 78 334 319 1
424 238 300 41 117 104 280 311 1
442 245 351 66 85 101 246 319 0
442 214 333 57 128 99 270 272 0
414 263 313 64 140 98 316 280 0
457 223 341 41 147 107 272 293 0
578 325 397 85 152 122 362 397 0
404 259 321 101 124 91 315 289 0
483 184 340 46 95 117 209 286 1
520 229 371 53 108 91 262 338 0
512 249 295 61 119 142 259 335 1
368 328 341 156 109 94 322 347 1
286 363 276 67 135 108 398 281 1
410 256 339 56 122 104 298 319 1
908 645 786 109 287 298 718 749 1
327 270 353 62 142 125 330 329 1
519 261 371 59 102 118 281 354 1
304 284 296 92 115 97 316 288 1
18 0 3706 165 0 118 246 247 0
432 234 361 54 112 108 273 330 1
466 192 302 47 138 105 246 264 1
309 268 316 51 113 103 304 296 1
315 290 321 56 103 98 346 263 0
448 263 373 74 104 105 305 300 0
341 289 341 91 141 86 353 296 1
377 288 353 96 124 101 337 296 1
385 248 306 70 138 108 295 306 1
407 203 265 50 87 126 225 249 1
811 353 614 104 194 189 448 511 1
350 362 344 72 169 136 410 340 1
384 317 310 83 145 131 316 379 1
375 275 341 46 153 123 337 322 1
285 434 313 132 145 93 465 317 1
423 268 358 61 145 102 332 306 1
508 314 389 66 116 128 329 370 1
412 273 315 63 147 93 343 292 1
465 265 363 67 131 124 294 321 1
295 382 313 50 104 100 411 259 1
396 266 313 72 122 115 301 285 1
420 286 329 78 144 112 326 311 1
345 291 321 74 118 113 325 317 1
301 317 339 50 162 83 382 291 1
459 268 364 50 154 118 318 348 1
377 388 376 82 183 125 433 330 1
384 254 357 54 143 123 311 312 1
458 289 352 86 147 101 340 299 1
495 340 324 147 56 86 310 351 1
431 266 357 62 136 80 326 314 1
441 263 366 81 124 112 297 346 0
450 232 334 64 132 115 280 297 1
390 293 357 61 117 112 341 335 1
417 328 326 71 117 107 338 326 1
265 276 226 93 134 60 270 266 1
510 230 373 90 126 111 296 310 1
481 225 318 270 58 50 247 331 1
356 272 371 57 110 86 306 298 1
374 312 345 67 153 96 378 305 1
274 335 332 62 163 92 422 258 1
446 302 304 73 113 92 348 282 1
419 254 257 133 83 85 266 285 1
449 250 320 63 117 123 284 298 1
355 309 327 69 148 74 354 311 1
320 401 318 78 109 106 387 346 1
444 192 314 44 107 119 226 259 1
424 241 371 56 109 103 287 313 1
327 371 335 183 104 59 381 328 1
1224 416 813 120 263 271 518 695 1
515 197 352 47 132 83 250 294 1
423 226 384 51 143 98 289 300 1
397 276 328 54 117 105 334 293 1
438 259 310 53 90 85 264 316 1
417 288 312 79 155 108 331 340 1
378 279 334 176 135 21 345 327 1
438 284 366 75 133 74 351 285 1
277 301 287 72 114 106 325 278 1
313 320 305 59 112 127 343 302 1
424 290 323 47 112 130 301 345 1
271 387 305 29 179 57 454 222 1
442 287 357 70 149 129 349 352 1
441 291 347 54 104 112 318 328 1
473 280 405 65 145 106 365 321 1
361 222 270 35 101 100 272 251 1
353 289 309 55 97 110 293 323 1
498 228 312 134 106 83 248 316 1
383 250 300 45 125 100 303 254 1
412 274 313 60 124 123 302 339 1
323 316 291 54 157 100 388 275 1
322 297 303 75 97 117 314 311 1
340 289 282 91 140 114 317 331 1
385 320 313 64 153 115 387 328 1
507 312 383 66 104 115 318 378 1
408 288 313 64 131 124 306 346 1
326 380 364 81 122 83 386 358 1
395 256 317 55 99 103 266 333 1
322 284 302 66 116 115 304 306 1
393 285 290 65 121 108 314 305 1
318 326 323 82 101 100 371 283 1
360 327 317 57 100 106 320 317 1
388 220 334 46 106 127 246 293 1
349 241 278 53 104 89 271 235 1
373 244 304 47 117 86 294 271 1
423 236 283 73 101 94 273 267 1
435 284 332 67 135 109 327 317 1
451 258 369 51 94 91 296 328 1
467 263 408 64 163 139 329 363 1
367 282 356 55 132 110 346 324 1
409 252 379 74 160 138 322 331 1
395 236 336 37 125 105 298 292 1
444 292 383 65 97 98 321 340 1
326 326 304 70 149 99 377 287 1
319 341 327 81 144 97 381 316 1
366 296 364 53 146 111 357 313 1
295 331 308 66 95 70 360 267 1
411 307 372 63 108 118 331 355 1
355 298 314 77 109 99 302 327 1
353 265 326 59 113 92 320 296 1
398 254 316 71 111 90 278 280 1
454 309 385 99 97 114 354 323 1
369 254 350 57 101 89 289 339 1
378 297 316 83 82 88 306 306 1
375 343 308 100 110 77 346 313 1
325 268 338 74 150 98 347 270 1
354 336 226 179 101 24 315 280 1
435 261 355 74 100 100 295 294 1
509 210 341 84 91 90 244 287 1
489 214 309 55 120 80 263 285 1
359 231 318 52 147 83 296 274 1
916 303 593 89 200 186 374 531 1
384 237 294 33 102 110 274 276 0
399 260 320 70 116 116 295 294 0
381 243 282 44 77 80 251 292 1
528 260 304 50 79 92 233 358 1
310 296 343 68 118 103 339 304 1
410 268 277 82 103 89 277 254 1
448 271 369 66 151 112 323 348 1
554 238 360 88 81 95 237 327 1
447 318 289 68 93 104 291 328 1
377 306 345 127 85 96 338 298 1
467 250 357 76 149 108 313 326 1
241 342 294 86 118 95 354 252 1
512 258 356 64 124 115 297 348 1
283 368 346 78 197 113 454 321 1
456 240 367 67 97 109 273 272 1
552 258 337 57 96 118 236 376 0
449 210 323 52 125 95 283 265 0
412 257 343 56 114 111 290 298 0
431 259 366 51 117 115 311 330 0
389 269 299 51 98 92 312 250 0
506 257 352 62 104 113 278 308 0
385 282 303 42 98 118 307 280 0
367 292 311 53 120 110 316 335 0
398 271 270 56 92 83 265 325 0
337 322 273 100 139 124 318 325 0
338 316 322 118 125 108 338 341 1
1348 512 758 141 195 315 555 676 1
415 293 356 49 126 109 310 372 1
958 397 703 165 234 146 518 587 0
364 236 335 61 115 119 307 265 0
461 182 389 38 126 79 258 282 0
381 380 341 78 144 117 427 328 1
488 213 340 121 110 13 237 293 1
463 246 348 55 131 133 287 309 1
424 234 372 45 111 107 287 290 1
514 198 327 49 103 133 221 311 1
394 225 381 60 128 123 294 299 1
353 202 277 38 87 91 233 238 1
398 232 310 69 116 114 279 274 1
478 237 328 50 143 107 295 287 1
357 224 308 43 138 111 288 259 1
480 257 374 74 144 96 311 329 1
341 294 336 60 140 90 340 280 1
424 337 350 93 117 107 366 330 1
491 207 360 47 106 114 231 332 0
439 267 366 55 127 88 327 303 0
487 229 335 67 138 128 268 328 0
401 336 390 101 116 108 388 343 1
366 288 298 64 98 97 307 274 1
369 279 313 62 138 92 335 293 1
362 316 336 89 129 114 358 302 1
420 236 352 48 107 119 266 333 1
411 252 366 106 112 100 312 313 1
440 272 333 60 113 103 278 326 1
395 288 257 66 88 79 291 272 1
379 231 292 44 93 114 247 296 1
877 454 657 101 216 220 525 636 1
559 191 314 46 114 129 217 311 0
534 166 304 33 108 116 208 259 0
439 272 371 73 130 98 338 285 0
372 270 371 62 138 86 326 313 0
424 210 346 42 99 120 264 310 0
414 275 364 42 96 96 305 296 0
522 239 352 50 127 117 287 286 0
413 280 361 64 124 102 325 326 0
362 304 368 73 162 97 358 316 1
293 337 350 89 153 111 395 337 1
380 258 326 66 142 93 330 275 0
436 290 321 78 151 135 322 341 0
344 322 323 60 92 69 325 321 0
430 331 366 55 143 103 376 362 0
515 231 373 58 110 95 289 289 0
744 248 358 109 117 121 263 334 0
393 244 339 62 145 106 302 290 1
478 223 331 145 111 102 283 279 1
333 255 265 99 107 91 282 218 1
420 216 359 39 125 120 284 293 1
333 293 317 52 150 93 331 312 1
474 242 343 59 156 114 316 302 1
348 270 277 73 110 84 294 293 1
268 333 317 66 138 114 390 288 1
330 416 350 80 130 100 444 346 1
598 205 395 45 92 135 240 320 1
440 185 320 41 121 119 243 241 1
422 334 370 61 114 125 350 366 1
342 314 339 53 118 114 359 341 1
310 314 320 64 110 89 341 267 1
414 269 364 67 106 106 301 320 1
327 290 331 67 147 97 365 280 1
335 264 305 65 79 70 269 277 1
327 263 335 40 137 100 342 271 1
342 276 313 87 134 79 344 261 1
346 249 350 55 158 96 325 291 1
880 597 721 118 201 204 639 714 1
784 803 750 172 205 200 813 773 1
342 292 284 45 153 117 346 325 1
398 319 350 85 127 101 361 324 1
505 226 384 52 142 136 285 335 1
501 310 349 53 151 132 337 350 1
416 295 371 71 158 92 327 335 1
476 264 308 46 93 96 271 327 0
411 290 404 61 108 101 349 328 0
513 218 415 53 107 107 261 324 0
321 275 252 83 123 87 284 311 0
494 260 298 43 115 103 282 319 0
325 219 295 141 148 20 300 262 0
349 227 286 45 113 87 287 230 0
507 261 404 81 144 130 294 375 0
331 280 300 72 127 107 310 321 0
1272 496 776 132 245 252 534 793 0
491 242 310 49 123 104 279 306 0
405 254 352 62 109 98 323 278 1
409 217 313 52 109 107 268 253 1
373 261 365 77 140 93 334 282 1
555 211 362 64 135 125 258 320 1
1200 393 777 95 270 241 477 712 1
293 270 311 70 131 69 353 263 1
462 287 336 65 137 121 321 336 1
374 262 369 68 144 115 336 304 1
390 241 334 71 140 101 294 285 1
377 369 315 113 41 70 349 382 1
371 320 311 66 134 130 381 282 1
431 216 377 42 139 110 288 311 1
441 292 379 74 143 93 329 337 1
302 335 250 90 117 94 337 311 1
326 252 323 63 156 111 322 295 1
356 275 328 76 95 95 336 263 1
302 301 371 73 128 112 358 315 1
299 295 270 97 118 93 335 285 1
323 212 280 57 123 85 263 207 1
584 264 362 68 113 143 268 358 1
440 165 276 42 118 87 197 256 1
339 233 314 65 125 74 295 260 1
760 500 634 82 218 192 577 571 1
1162 495 777 135 229 338 555 696 1
356 311 353 91 119 86 348 308 1
375 237 255 173 133 17 308 262 1
324 286 314 64 138 91 331 267 1
415 273 336 59 125 102 317 311 1
435 269 341 54 154 105 348 300 1
413 230 308 47 85 105 249 299 1
349 264 318 58 124 108 316 245 1
483 298 356 92 102 88 318 328 1
393 258 302 78 142 69 303 303 1
249 367 268 147 81 85 329 322 1
424 262 392 51 125 104 305 367 1
392 266 318 55 128 113 316 316 1
358 336 317 146 148 53 364 378 1
354 253 320 70 100 81 276 313 1
353 222 302 196 119 22 305 263 1
335 309 303 66 145 87 362 297 1
505 223 351 70 143 111 292 311 1
348 293 375 158 151 49 354 372 1
1396 414 802 104 276 299 485 724 1
364 239 326 56 138 100 326 243 0
432 264 376 52 149 117 334 306 0
385 318 302 66 116 100 341 310 0
487 287 314 49 90 105 293 300 1
432 220 290 46 125 100 240 329 1
350 292 311 64 157 133 363 290 1
380 256 298 56 93 107 267 271 1
423 284 382 53 144 137 353 312 1
422 267 404 69 97 116 328 303 1
346 312 317 87 125 112 353 308 1
437 272 370 91 110 123 309 304 1
379 279 399 72 117 89 328 297 1
516 280 295 59 136 119 299 336 1
319 291 323 67 130 101 334 291 1
438 217 307 37 93 106 245 293 1
492 263 331 93 73 84 266 312 1
484 205 335 58 85 122 204 322 1
452 238 327 81 141 99 300 287 1
468 331 363 67 142 112 364 349 1
360 270 333 56 153 83 353 312 1
428 263 370 62 162 136 343 310 1
505 322 391 115 174 121 408 332 1
338 310 342 79 147 93 349 337 1
320 338 251 76 107 104 340 279 1
381 267 300 138 144 28 301 345 1
579 245 386 65 115 131 273 352 0
448 283 444 60 108 112 318 387 0
342 297 411 90 97 104 335 296 0
332 270 360 50 141 78 354 251 0
320 309 367 61 87 87 342 283 0
392 260 315 43 94 102 263 291 0
370 287 304 53 99 98 313 268 0
369 244 350 47 109 111 291 294 0
543 241 402 52 101 106 296 324 0
530 199 333 72 126 101 260 283 0
312 327 355 68 140 98 386 320 0
432 250 349 62 112 106 288 339 0
368 339 353 68 153 98 374 382 0
406 287 319 80 122 101 317 272 1
413 206 375 52 105 80 259 292 0
380 277 305 65 127 104 288 358 0
439 251 300 64 102 89 276 294 0
426 233 345 60 93 106 255 318 0
1010 437 625 105 141 211 401 680 0
425 221 294 61 112 116 248 283 0
437 287 285 82 101 57 286 335 0
526 308 338 78 148 114 352 332 0
439 264 311 54 108 108 287 310 0
413 217 283 44 123 117 248 283 0
465 251 361 55 113 120 295 324 0
898 443 597 115 164 248 491 516 0
423 176 305 42 92 122 198 285 0
356 245 326 42 110 105 292 306 0
365 281 335 73 149 96 333 315 0
455 217 338 41 102 115 231 316 0
506 178 340 48 112 123 210 275 0
351 342 280 208 90 36 385 288 0
408 293 344 41 119 103 321 331 0
418 281 307 52 113 101 289 343 0
405 289 347 62 114 120 341 302 0
293 253 292 64 152 101 319 286 0
454 257 366 56 138 128 286 403 0
499 326 337 51 148 154 359 349 0
401 313 285 64 105 111 294 331 0
400 215 395 63 129 95 302 271 0
447 263 368 61 133 105 313 340 0
316 282 381 52 128 86 317 342 0
381 283 341 71 109 87 324 308 1
698 410 494 79 147 152 427 518 1
799 280 559 72 198 186 379 452 1
380 230 292 46 91 103 254 278 1
455 246 387 64 113 128 271 342 0
275 305 327 68 165 104 368 292 1
304 321 316 64 156 113 375 323 1
236 297 303 56 152 79 367 259 1
1060 415 706 112 180 240 455 654 0
1139 394 827 104 252 288 526 694 0
390 303 321 78 84 65 302 305 0
464 235 361 64 107 92 269 312 0
389 321 352 41 122 115 343 382 0
671 267 440 51 136 163 291 419 0
305 267 334 55 110 90 347 252 0
495 221 366 52 130 120 280 342 0
293 337 297 66 108 86 349 300 0
351 276 254 101 131 45 328 306 0
444 295 356 86 104 89 328 304 0
400 275 327 71 156 97 312 300 0
353 326 292 56 167 124 381 331 0
351 305 341 64 107 108 293 356 0
328 309 371 74 116 98 349 315 0
394 247 305 69 108 101 257 311 0
412 254 331 58 120 95 309 302 0
482 275 332 64 117 118 296 346 0
482 220 366 42 93 120 242 316 0
462 195 330 56 112 114 228 318 0
396 266 365 48 105 104 336 261 0
607 239 382 103 108 81 280 335 0
356 312 376 68 123 94 358 319 0
457 248 373 56 139 104 316 313 0
515 212 251 56 100 118 204 344 0
470 248 373 45 96 114 277 291 0
380 242 352 64 140 106 330 267 0
424 209 340 57 80 108 247 275 0
437 286 397 64 116 113 324 328 0
476 345 348 65 104 118 361 366 0
406 249 346 61 101 110 271 304 0
506 184 302 39 106 109 229 253 1
684 280 526 85 179 186 369 451 1
528 230 350 49 96 139 254 334 1
996 552 753 131 299 327 645 797 1
348 323 318 93 100 115 344 331 1
307 323 302 102 174 93 383 311 1
427 266 291 42 89 89 282 282 1
456 193 319 55 117 85 246 257 1
547 222 340 77 129 114 283 318 0
277 342 265 94 93 84 341 286 0
323 307 308 64 132 78 355 347 0
795 212 444 65 147 158 265 371 0
344 263 280 72 154 93 316 270 0
380 263 347 55 138 97 322 279 1
463 250 293 53 110 132 260 320 1
494 261 342 58 124 113 316 298 1
373 273 346 53 139 128 321 305 1
470 266 354 44 103 103 289 343 1
366 225 333 43 96 118 262 293 1
329 296 331 59 130 106 337 293 1
408 334 356 90 113 109 368 310 1
496 201 362 42 122 139 233 319 1
517 277 383 62 165 118 349 349 1
502 277 335 54 95 133 290 286 1
353 254 304 41 92 107 305 272 1
472 242 347 55 104 109 264 321 1
446 223 322 54 112 90 240 305 1
493 187 303 49 101 103 212 288 1
408 239 368 51 154 124 311 283 1
395 294 289 73 127 118 309 276 1
498 245 365 67 138 86 317 279 1
655 298 584 79 191 199 403 423 1
509 229 400 92 135 90 290 320 1
358 170 284 41 97 96 205 268 1
409 235 316 57 99 101 247 351 1
367 281 286 67 139 118 322 290 1
445 380 336 258 65 97 348 365 1
435 248 303 62 89 116 265 306 1
1364 467 776 288 182 193 541 689 1
308 244 253 70 105 77 265 259 1
1204 507 740 129 264 314 551 791 1
1181 533 756 162 266 288 634 680 1
349 334 342 85 145 85 398 327 1
464 272 358 188 100 103 326 289 1
431 213 313 50 126 117 293 239 1
362 288 348 44 99 126 324 290 1
473 278 397 59 121 121 312 339 1
440 277 304 50 102 103 301 327 1
396 227 298 33 100 102 253 287 1
431 213 348 58 131 106 283 321 1
445 272 398 46 115 129 337 323 1
348 291 302 49 83 74 316 273 1
391 320 319 74 128 141 329 338 1
303 282 273 146 82 50 315 245 1
447 345 360 54 104 113 361 351 1
472 281 352 66 99 114 320 302 1
403 210 322 46 116 114 260 289 1
317 277 311 71 136 128 336 305 1
524 237 362 50 86 112 272 309 1
411 300 319 71 87 107 279 330 1
345 359 306 99 88 80 366 304 1
500 246 348 57 123 126 274 356 1
535 240 338 53 87 122 263 322 1
346 314 308 51 112 115 349 319 1
531 248 370 73 131 120 292 370 1
455 225 308 38 121 115 257 296 1
410 281 323 66 125 99 326 330 1
436 319 326 76 114 111 320 350 1
290 289 329 59 111 84 316 282 1
597 227 355 55 99 117 240 340 1
299 336 311 66 105 92 351 310 1
460 278 346 78 108 127 299 356 1
345 305 315 57 95 111 323 330 1
528 231 363 61 133 132 282 310 1
410 254 283 58 108 100 276 293 1
480 257 335 84 110 101 307 298 1
418 181 294 48 119 111 224 269 1
293 271 261 57 129 108 312 265 1
398 331 319 78 144 109 382 304 1
1145 497 708 155 217 265 551 674 1
406 207 287 55 122 97 249 251 1
416 237 357 43 131 143 299 312 1
424 372 346 282 111 22 420 341 1
316 247 319 55 115 110 303 275 1
418 282 370 67 139 99 328 327 1
381 280 362 46 121 96 326 302 1
446 271 332 61 105 96 279 301 1
415 258 372 88 148 105 330 297 1
461 269 387 50 128 125 323 331 1
440 283 304 79 88 108 260 376 1
457 288 322 60 102 102 306 310 1
516 237 382 53 136 150 300 316 1
406 264 338 59 114 99 286 315 1
464 262 372 56 97 109 277 335 1
1158 523 842 89 224 269 537 858 1
479 207 295 48 83 109 216 291 1
1469 340 849 96 244 351 429 722 1
407 211 283 65 74 98 232 242 1
552 219 371 51 119 128 256 350 1
402 251 299 53 109 98 281 289 1
364 295 376 66 122 112 312 337 1
375 243 317 51 105 122 257 298 1
1190 442 807 155 166 202 464 654 1
524 206 324 44 116 122 256 312 1
440 196 291 49 73 90 175 276 1
320 328 297 99 111 85 362 279 1
416 323 326 70 104 94 341 321 1
1382 424 823 131 231 313 520 676 1
300 322 328 51 183 90 426 280 1
300 275 305 48 126 80 340 294 1
532 250 441 50 155 123 325 364 1
432 263 410 67 103 124 309 322 0
417 284 316 63 108 110 304 302 1
366 244 368 58 145 83 342 275 0
438 271 317 69 100 94 274 318 0
444 293 325 50 97 87 290 318 0
298 308 277 50 114 97 331 265 0
448 243 401 54 136 110 315 323 0
403 313 309 78 152 96 374 305 0
377 219 310 47 116 80 269 246 0
746 376 557 100 157 199 414 496 0
429 239 356 76 134 99 313 292 0
453 230 331 65 131 99 268 304 0
485 307 385 77 126 126 332 358 0
458 271 379 59 129 113 305 326 0
367 248 343 49 127 106 311 285 0
1112 416 760 125 246 191 499 691 0
462 296 353 70 141 119 341 306 0
383 174 298 39 95 109 215 237 0
418 305 427 86 127 96 371 305 0
382 280 325 72 129 91 298 337 0
348 232 317 62 146 98 293 319 0
451 247 424 63 123 124 320 313 0
398 268 341 59 160 113 329 345 0
318 251 360 66 117 108 327 268 0
476 271 321 97 130 64 327 286 0
429 322 310 99 105 76 306 348 0
446 231 365 44 130 61 307 286 0
544 225 344 50 103 113 245 280 0
442 289 301 90 102 69 293 328 0
380 359 382 65 126 107 429 322 0
402 272 335 75 153 89 333 288 0
338 288 294 76 145 90 342 275 0
354 243 340 72 127 81 291 284 0
478 222 334 57 126 96 274 294 0
1204 492 839 115 280 265 596 709 0
439 275 350 88 154 102 342 315 0
300 426 311 89 157 127 459 327 0
412 218 356 66 106 126 280 272 0
346 233 279 61 108 96 281 260 0
424 213 365 58 113 112 270 281 0
325 237 328 59 122 85 288 272 0
469 283 372 60 161 141 344 366 0
379 283 306 76 118 115 310 317 0
374 315 334 70 144 99 372 287 0
460 267 329 56 128 97 303 332 0
414 308 313 40 129 102 353 347 0
357 300 345 62 144 84 363 325 0
322 368 405 74 191 102 467 339 1
413 281 354 71 133 108 325 310 1
291 319 325 67 113 105 370 291 1
389 248 297 54 104 87 273 276 1
454 234 310 57 121 119 277 309 0
1060 581 804 155 218 262 601 819 0
473 258 298 57 99 107 275 314 1
534 247 382 68 127 142 287 373 0
308 246 325 86 76 62 297 243 0
563 264 411 64 137 129 282 350 0
521 284 410 83 150 147 312 387 0
287 230 283 65 95 67 260 243 0
463 336 342 85 132 132 360 333 0
508 311 360 64 146 130 343 342 0
1348 507 692 125 264 282 523 759 0
547 298 385 191 85 75 335 304 0
404 313 364 40 123 133 334 363 0
405 397 404 75 119 86 414 368 0
421 234 293 53 110 120 265 296 0
420 196 345 44 108 90 241 267 0
450 279 292 63 123 116 296 325 0
450 263 320 51 113 92 290 277 0
417 328 290 118 4 74 256 273 0
413 249 332 56 143 95 321 272 0
517 272 318 64 91 101 283 326 0
411 299 350 89 107 112 327 277 0
497 233 340 38 122 114 269 312 0
408 239 335 42 99 94 265 278 0
379 296 382 110 165 92 373 291 0
360 294 299 95 99 101 328 305 0
321 322 304 69 173 93 387 337 0
501 247 375 60 117 112 296 332 0
394 255 277 98 131 50 271 316 0
440 236 360 48 123 118 274 291 0
297 324 301 84 125 101 361 311 0
452 269 365 65 142 111 328 333 0
429 235 306 36 125 111 276 297 0
433 242 348 45 112 114 287 333 0
470 249 336 63 96 112 268 344 0
469 244 330 64 90 99 239 346 0
347 273 324 72 140 124 332 313 0
412 301 367 71 141 113 366 308 0
518 238 306 37 129 121 274 315 0
408 259 367 121 106 67 331 245 0
509 186 325 34 73 127 201 281 0
632 342 399 141 179 133 413 401 0
389 314 357 74 117 114 350 337 0
426 281 330 54 102 101 302 318 0
386 250 371 64 142 125 300 322 0
322 310 308 59 118 115 322 350 0
347 318 378 82 157 85 394 313 0
482 280 388 42 105 105 317 355 0
434 239 331 37 126 90 306 285 0
480 295 488 76 187 124 411 369 0
424 239 330 56 143 124 289 299 0
427 209 348 55 126 103 257 323 0
397 273 345 55 103 92 310 306 0
858 792 699 252 220 213 805 661 0
345 295 339 224 148 10 237 374 0
369 306 364 61 128 100 354 290 1
404 266 313 56 144 107 342 293 1
475 213 346 45 108 115 249 319 1
392 203 298 66 125 67 256 267 1
257 71 486 191 318 95 504 3 1
325 286 344 71 153 94 358 294 1
341 293 294 77 181 127 386 307 1
353 277 301 61 95 113 291 301 1
399 308 329 96 100 74 299 375 1
415 242 352 61 139 95 292 318 1
378 298 322 69 105 84 305 320 1
496 325 402 87 98 116 335 398 1
422 240 337 67 133 93 295 294 1
398 273 316 58 133 97 316 323 1
419 317 364 55 167 141 366 403 1
365 290 356 92 158 80 353 336 1
382 301 287 156 52 49 274 266 1
345 310 311 87 113 103 326 286 1
335 250 346 56 144 119 319 312 1
343 277 347 51 148 97 368 283 0
284 320 330 67 168 106 379 306 1
411 252 356 48 112 128 289 342 1
471 296 363 72 123 81 330 329 1
453 259 356 63 96 113 262 323 1
327 232 323 55 134 112 291 254 1
360 249 361 161 120 45 308 277 1
421 231 282 46 85 101 255 275 1
328 293 349 97 111 83 329 291 1
350 184 336 119 144 35 287 281 1
345 227 288 208 85 91 268 280 1
499 312 343 89 121 137 337 322 1
523 329 345 114 99 73 318 369 1
427 239 348 71 125 101 285 318 1
496 198 381 43 134 150 263 330 1
361 323 348 55 165 134 367 335 1
508 328 439 75 147 145 404 386 1
410 239 346 54 116 116 271 329 1
416 280 321 91 139 103 324 356 1
517 220 374 75 120 69 281 269 1
390 281 397 66 155 123 354 322 1
488 280 362 52 135 112 302 357 1
453 256 313 50 133 118 306 318 1
302 216 228 94 104 39 248 248 1
406 291 312 86 155 82 364 299 1
433 360 341 291 35 100 298 352 1
398 253 269 51 136 105 282 298 1
364 270 298 51 101 82 290 293 1
402 245 334 59 124 115 299 303 1
479 240 294 41 115 129 270 313 1
482 215 359 36 111 83 239 311 0
448 219 303 56 92 98 220 292 1
410 312 359 79 127 109 314 355 0
421 278 312 70 152 130 325 352 0
457 287 334 47 119 112 309 365 0
478 283 342 79 112 113 268 377 0
415 248 326 53 121 136 279 336 0
431 262 356 58 95 136 274 313 0
383 295 379 69 116 106 338 309 0
926 417 668 118 227 178 504 562 1
390 196 311 61 121 100 237 258 1
448 305 334 70 145 90 371 289 1
1330 426 862 97 212 311 498 764 1
436 362 351 83 126 96 402 279 1
311 352 336 103 147 92 413 298 1
376 312 352 136 70 92 323 243 1
405 346 325 67 106 95 363 288 1
786 316 540 89 164 157 350 478 1
402 305 399 66 137 108 383 335 1
367 331 277 143 86 40 312 334 1
853 346 587 78 147 170 366 584 1
337 231 288 38 118 98 275 265 1
361 311 273 74 132 76 336 325 1
378 315 342 70 122 110 353 282 1
312 332 321 85 132 93 370 259 1
1381 521 757 158 171 220 492 800 1
304 223 329 35 121 87 301 220 1
309 284 332 89 151 76 377 263 1
364 281 329 74 139 96 347 284 1
398 328 391 79 117 113 389 309 1
399 259 362 61 115 99 305 304 1
405 268 319 47 120 106 310 306 1
382 240 332 124 149 30 310 289 1
449 222 356 72 98 83 260 275 1
449 317 356 98 101 96 336 312 1
376 342 356 97 119 104 366 270 1
295 310 296 126 111 56 350 304 1
365 235 316 64 99 65 298 232 1
351 257 320 68 132 85 320 282 1
1048 572 789 144 260 303 643 741 1
407 291 359 56 94 101 308 356 1
289 258 273 57 146 84 328 239 1
1081 326 562 88 149 222 341 561 1
427 299 399 82 143 75 373 337 1
406 247 347 81 122 70 285 323 1
471 342 391 82 106 82 309 413 1
391 255 350 53 117 100 299 316 1
407 368 378 88 134 112 418 305 1
435 246 348 60 82 97 281 280 1
399 334 396 83 126 103 376 343 1
510 289 385 65 136 135 326 374 1
361 278 334 105 90 90 308 282 1
422 284 353 57 88 115 302 304 1
343 322 323 84 165 71 392 295 1
324 239 305 66 89 61 273 233 1
418 267 304 95 89 67 291 251 1
331 205 314 43 113 94 269 243 1
291 334 350 100 99 89 365 286 1
315 349 306 87 160 93 404 281 1
259 266 319 65 139 72 346 239 1
288 349 298 96 111 92 356 314 1
665 411 591 90 176 155 490 496 1
340 405 324 91 110 91 418 309 1
310 291 277 74 119 70 356 270 1
455 214 371 58 131 84 281 310 1
425 235 331 42 131 93 293 265 1
306 299 335 83 144 86 375 286 1
375 270 374 77 146 76 340 267 1
288 275 311 54 88 64 298 254 1
390 253 330 60 100 97 277 275 1
332 289 309 48 152 106 351 294 1
333 316 361 74 102 98 371 283 1
272 261 296 49 127 116 307 308 1
381 345 346 125 101 97 385 285 1
430 259 298 52 101 94 287 335 1
434 296 367 67 156 106 371 311 1
504 253 415 67 156 108 315 352 1
532 249 390 115 80 87 294 283 1
441 235 341 68 133 101 264 321 1
399 255 341 73 85 81 280 301 1
268 257 285 67 118 81 303 241 1
371 333 354 80 159 104 411 296 1
398 289 281 62 106 89 281 342 1
402 316 369 82 129 101 379 310 1
325 207 277 55 113 123 257 255 1
318 348 326 96 160 80 394 308 1
400 239 302 67 137 84 269 304 1
386 290 354 74 160 94 354 318 1
371 284 290 94 101 88 283 304 1
408 265 320 43 92 81 280 331 1
388 225 341 58 143 114 300 287 1
375 294 407 63 121 93 357 296 1
441 319 369 59 142 107 335 398 1
487 218 349 45 107 98 241 311 1
298 335 317 66 160 116 401 279 1
441 240 380 59 98 114 261 345 1
498 217 290 59 107 104 244 310 1
437 295 379 51 100 134 309 369 1
418 301 360 58 118 103 347 325 1
308 328 278 72 156 134 349 347 1
407 244 329 65 122 90 287 304 1
524 238 416 44 105 131 319 311 1
391 360 351 95 76 78 348 347 1
411 239 282 77 111 90 286 286 1
648 280 496 88 189 157 347 422 1
363 227 309 45 122 95 278 289 1
385 339 371 90 175 131 445 306 1
588 158 319 34 111 121 211 260 1
859 629 794 125 338 250 774 731 1
1073 561 842 126 230 243 609 816 1
513 298 382 61 172 152 358 358 1
390 222 283 52 132 104 269 284 1
422 220 343 51 103 101 275 277 1
352 292 339 72 105 99 328 294 1
342 281 322 81 138 69 356 267 1
378 266 315 57 111 98 304 307 1
374 235 305 47 139 100 313 269 1
358 278 309 54 95 88 310 310 1
278 316 267 49 153 92 376 298 1
798 453 572 134 153 148 470 597 1
426 206 340 48 105 109 249 299 1
399 281 340 60 140 97 363 300 1
429 282 360 51 122 85 330 313 1
401 281 323 55 152 122 319 327 1
421 222 323 58 136 126 270 300 1
458 226 349 47 125 125 268 316 1
440 325 304 66 168 119 383 319 1
446 268 295 78 127 79 312 299 1
646 304 400 78 99 130 265 434 1
536 257 370 85 112 95 294 325 1
375 269 288 54 102 102 272 330 1
321 281 309 91 140 72 327 274 1
341 259 262 78 104 77 300 253 1
355 237 305 81 123 31 298 244 1
537 337 398 105 123 147 355 354 1
419 260 309 58 114 113 291 340 1
401 359 289 73 104 84 337 348 1
358 280 301 60 141 99 319 323 1
337 312 264 97 95 80 331 276 1
373 270 338 71 151 102 322 277 1
394 272 360 74 105 85 315 299 1
391 353 356 71 106 69 365 354 1
462 237 404 48 127 115 285 317 1
448 270 339 117 105 109 321 331 1
327 293 322 67 112 95 333 306 1
493 220 360 60 108 144 279 283 1
414 233 279 55 109 108 272 266 1
432 281 288 154 91 80 301 311 1
435 337 327 85 119 109 333 320 1
471 336 384 78 154 127 407 361 1
459 266 359 46 144 137 340 314 1
433 242 334 46 101 134 255 336 1
395 268 310 58 148 100 319 306 1
397 208 299 47 118 79 253 273 1
339 266 296 110 161 50 334 325 1
347 276 304 56 94 90 306 287 1
367 322 307 58 102 91 358 299 1
410 251 316 51 139 105 318 297 1
339 224 347 72 128 103 307 262 1
352 258 325 44 96 126 296 305 1
409 272 356 62 101 83 327 294 1
384 266 336 58 98 86 294 270 1
1256 539 767 148 216 270 600 704 1
504 251 350 37 155 122 321 300 1
302 324 331 75 165 103 382 262 1
391 304 369 58 134 100 347 327 1
1093 389 736 79 232 188 478 653 1
429 246 334 54 121 107 283 307 1
399 327 347 102 121 101 370 342 1
340 268 298 63 122 115 297 289 1
367 234 321 60 127 103 276 314 1
457 242 374 62 83 119 265 323 1
350 176 315 40 84 74 223 238 0
438 161 312 55 80 106 215 223 0
601 264 443 66 123 142 306 373 1
399 267 320 73 117 94 287 299 1
414 237 306 56 128 71 300 286 1
410 248 260 56 136 81 264 327 1
1374 422 776 119 270 296 477 766 1
432 319 360 57 110 123 348 351 1
478 251 298 75 144 125 278 331 1
466 224 366 48 96 116 257 308 1
457 248 396 50 118 119 312 306 1
471 295 371 58 117 103 349 336 1
355 263 285 46 124 78 309 300 1
920 404 581 79 204 188 427 600 1
787 419 584 90 182 172 460 562 1
1137 527 810 140 278 230 642 736 1
483 300 374 68 165 97 396 277 1
533 204 371 176 144 15 245 307 1
518 317 233 118 8 82 206 333 1
277 285 300 60 138 92 337 278 1
371 241 309 69 126 78 302 271 1
432 294 323 120 110 118 328 281 0
391 299 284 91 139 92 329 300 0
381 271 310 55 94 107 276 330 0
513 195 402 54 91 91 250 308 0
530 204 337 53 110 103 258 286 0
443 280 373 54 123 83 342 297 0
505 200 371 55 114 93 225 341 0
448 304 306 110 59 68 297 332 0
487 212 290 57 111 113 227 285 0
445 261 382 68 157 100 322 330 1
373 295 348 55 132 106 355 316 1
395 203 358 51 128 98 267 282 1
556 283 339 104 109 105 280 370 1
330 198 334 49 116 79 261 245 1
448 286 330 144 131 45 348 368 1
