217 424 287 227 68 404 300 20 0
247 358 300 267 39 372 328 33 0
220 429 208 243 39 400 234 19 0
215 448 209 209 78 457 235 19 0
255 384 249 255 40 415 285 21 0
223 390 226 217 42 423 271 23 0
209 368 287 245 29 346 314 17 0
216 379 255 200 63 454 291 23 0
251 458 299 278 60 382 305 32 0
244 413 243 237 48 471 291 25 0
188 386 154 185 29 433 188 18 0
253 491 223 250 47 578 269 24 0
227 377 274 232 46 401 305 19 0
260 522 233 248 53 513 267 28 0
218 294 289 207 60 353 349 22 0
231 472 238 233 39 457 278 24 0
208 501 149 195 27 507 177 28 0
206 548 183 202 67 549 232 19 0
270 502 332 278 39 478 336 33 0
439 1348 382 443 107 1285 440 56 0
248 342 260 229 53 384 296 24 0
250 384 290 243 43 405 328 29 0
240 438 256 253 51 454 277 26 0
202 438 209 204 30 447 227 25 0
226 573 157 206 29 533 190 24 0
205 300 240 188 40 317 283 17 0
260 458 220 237 36 490 252 27 0
208 448 183 191 41 433 209 23 0
227 391 227 203 45 405 277 17 0
228 273 318 228 52 290 337 34 0
229 406 229 240 37 451 259 30 0
244 367 272 253 32 427 301 29 0
252 447 253 255 45 398 264 24 0
283 754 189 269 53 765 222 25 0
191 437 168 190 43 429 203 22 0
197 435 206 215 46 412 223 26 1
232 530 215 209 44 465 251 26 1
241 460 228 254 43 442 254 16 0
531 1114 477 514 84 1165 558 57 0
209 380 273 185 88 394 336 16 0
213 381 205 211 41 442 257 32 0
258 412 263 250 59 482 307 21 0
212 433 215 221 45 424 246 19 0
228 442 206 221 30 410 255 23 0
155 402 286 149 155 365 297 20 0
197 419 206 197 28 365 240 28 0
204 466 213 218 37 404 218 22 0
183 508 162 209 26 487 185 22 0
237 402 279 265 37 367 295 22 1
557 1115 514 526 104 1049 571 44 0
228 429 207 224 34 500 258 24 0
208 387 221 197 38 435 271 25 0
262 425 206 222 36 515 286 20 0
61 344 376 144 131 368 396 61 0
195 443 188 202 44 418 220 18 0
115 398 191 97 149 476 235 44 0
232 457 228 219 55 405 239 21 0
240 659 146 222 20 651 205 23 1
218 536 182 231 47 501 203 20 0
300 407 322 285 35 402 356 28 0
485 1252 446 512 100 1194 455 56 0
217 419 251 227 35 434 282 39 0
263 435 208 234 38 529 269 30 0
176 531 183 183 42 458 174 13 0
237 415 252 234 45 472 288 29 1
226 457 249 241 33 397 253 25 0
216 442 264 234 50 344 259 27 1
269 499 256 265 47 472 295 21 1
209 496 200 243 40 512 220 18 1
266 498 256 273 37 469 268 33 1
254 372 283 257 44 395 307 26 1
211 380 232 182 76 395 276 30 1
223 454 251 242 37 429 271 18 1
200 399 280 217 40 350 271 25 1
218 534 229 232 31 406 233 21 1
249 498 239 254 43 396 228 18 0
221 421 271 197 109 520 321 28 0
237 272 311 220 49 292 351 28 0
230 401 201 225 44 485 250 19 0
209 454 193 221 32 460 221 25 0
226 447 173 213 57 457 205 14 0
261 500 243 252 38 513 285 32 0
214 344 223 198 45 376 282 23 0
220 508 214 239 43 419 214 24 0
276 598 205 260 42 592 254 41 0
266 444 252 245 45 398 285 25 0
257 381 319 265 50 368 337 29 0
220 474 256 227 76 380 255 26 0
241 505 259 258 31 454 257 25 0
230 450 292 236 105 443 310 22 0
197 430 176 163 95 531 248 16 0
227 501 159 216 36 481 190 14 1
276 346 364 280 66 335 410 23 0
463 862 453 464 72 958 505 51 0
181 467 260 214 95 393 250 21 0
381 1031 271 383 88 1100 347 35 0
240 423 303 253 63 373 309 31 0
192 471 220 218 36 359 226 27 0
248 376 303 253 66 385 343 21 1
213 427 214 212 28 457 232 19 0
474 1291 352 456 75 1350 464 38 0
222 518 173 214 42 606 206 25 0
271 530 350 293 50 405 343 26 0
225 559 188 215 39 527 215 27 0
218 389 218 219 40 355 226 31 0
521 1112 444 484 154 1176 558 51 0
236 419 270 247 53 392 312 15 0
256 518 230 246 33 542 283 27 0
233 349 285 240 47 337 304 20 0
258 413 310 267 39 400 349 29 0
234 524 213 216 45 498 252 24 0
293 533 307 277 46 492 334 28 0
231 457 246 227 43 413 263 24 0
260 392 307 254 36 385 334 27 0
247 535 188 233 43 527 236 21 0
225 422 255 236 64 411 254 21 0
269 463 270 272 52 506 282 21 1
263 516 330 259 86 469 353 28 0
232 493 275 248 55 406 266 20 1
203 427 206 185 48 389 249 21 0
209 408 199 206 33 355 220 13 0
230 457 252 254 43 442 271 23 0
382 1082 651 440 183 1042 649 71 0
231 450 285 254 60 397 289 29 0
227 481 230 247 50 438 255 19 0
227 516 189 238 38 534 223 30 0
212 505 248 239 62 440 248 26 0
246 527 221 231 37 491 266 21 0
195 422 220 200 51 401 236 35 0
218 506 216 243 56 445 201 19 0
206 457 241 215 73 461 272 27 0
247 477 215 227 48 432 248 31 0
234 440 215 235 37 433 234 20 0
209 448 166 182 41 429 198 23 0
247 541 276 263 60 467 283 23 0
308 616 240 294 50 646 283 33 0
238 504 254 237 51 484 284 36 0
471 1412 264 450 64 1422 364 53 0
208 419 196 214 30 361 206 16 0
245 492 250 250 52 489 264 32 0
219 395 286 229 52 342 285 28 0
254 575 244 259 50 554 260 36 0
199 508 185 194 44 442 192 18 0
220 332 284 217 48 383 307 24 0
234 392 278 238 70 438 327 18 1
217 487 203 217 41 470 244 25 0
218 377 275 229 73 355 307 36 0
237 508 187 229 46 489 202 27 0
250 500 248 238 41 411 263 21 0
209 417 250 217 47 351 269 22 0
220 530 216 224 61 472 224 25 0
216 390 257 228 32 340 260 26 1
242 376 250 229 32 390 290 20 0
187 385 190 199 51 393 208 11 0
210 364 211 208 40 373 236 22 0
239 562 251 255 38 542 273 23 0
253 482 273 260 57 455 282 26 0
217 433 201 212 30 429 239 21 0
234 433 249 235 60 407 283 24 0
449 1009 484 442 92 1017 536 56 0
222 466 200 230 47 433 206 32 0
281 429 320 290 66 419 350 28 0
223 378 289 227 60 337 310 24 0
181 484 170 186 36 465 196 18 0
241 419 257 257 36 391 281 22 0
234 381 274 221 61 440 301 26 0
237 482 234 235 48 447 243 21 0
230 536 232 260 46 466 222 21 0
129 346 322 157 174 377 360 60 0
207 432 185 212 35 492 220 19 0
224 439 227 243 32 358 227 32 0
183 452 229 180 103 459 242 22 0
250 498 264 258 60 488 293 24 0
281 396 379 277 63 352 416 32 0
229 476 202 226 63 517 237 22 0
224 514 221 208 32 415 243 24 0
258 443 238 233 52 428 267 19 0
255 570 240 251 54 528 276 31 0
232 454 219 225 34 425 245 22 1
201 469 150 184 31 409 182 24 0
244 509 225 235 47 520 259 13 0
243 535 171 226 59 693 241 15 0
430 1451 304 446 73 1306 336 40 1
201 414 214 224 39 395 232 17 1
271 440 262 257 39 441 301 29 1
230 464 198 222 50 481 226 33 0
243 393 290 244 38 376 317 24 1
210 416 267 201 141 551 344 46 0
239 539 163 241 20 595 215 18 0
307 503 293 276 60 501 325 29 0
230 385 257 228 61 379 303 27 0
520 1155 455 491 94 1148 577 60 0
403 849 355 383 54 771 393 40 0
253 386 343 275 83 372 379 33 0
229 453 260 216 89 462 294 27 0
243 376 292 253 48 359 306 27 0
240 484 253 238 45 413 268 31 0
285 466 233 261 46 518 291 24 0
148 469 341 169 153 398 333 61 0
209 437 221 226 34 389 238 28 0
